# frame 0
1.00000000 0.00000000 0.00000000 0.00000000
0.00000000 1.00000000 0.00000000 0.00000000
0.00000000 0.00000000 1.00000000 0.00000000
0.00000000 0.00000000 0.00000000 1.00000000
# frame 1
0.71866096 0.29867430 -0.62794911 0.45284709
-0.43491281 0.89768744 -0.07076797 0.11820036
0.54256546 0.32396129 0.77503020 -0.08237451
0.00000000 0.00000000 0.00000000 1.00000000
# frame 2
0.71707345 0.29877544 -0.62971335 0.45384979
-0.43580051 0.89727512 -0.07053559 0.11763030
0.54395182 0.32500860 0.77361866 -0.08221794
0.00000000 0.00000000 0.00000000 1.00000000
# frame 3
0.71932636 0.29996772 -0.62656919 0.45308608
-0.43535069 0.89752662 -0.07011231 0.11752905
0.54133110 0.32321096 0.77620572 -0.08244516
0.00000000 0.00000000 0.00000000 1.00000000
# frame 4
0.71844749 0.29838062 -0.62833288 0.45578547
-0.43357251 0.89846583 -0.06909441 0.11647370
0.54391919 0.32206857 0.77487015 -0.08096299
0.00000000 0.00000000 0.00000000 1.00000000
# frame 5
0.71848825 0.29555939 -0.62961837 0.45766047
-0.42990073 0.90031567 -0.06794891 0.11561728
0.54677234 0.31949389 0.77392743 -0.08061235
0.00000000 0.00000000 0.00000000 1.00000000
# frame 6
0.71698215 0.29243539 -0.63278602 0.45966452
-0.42765685 0.90138015 -0.06799593 0.11630991
0.55049634 0.31936715 0.77133547 -0.08038534
0.00000000 0.00000000 0.00000000 1.00000000
# frame 7
0.71552422 0.29051119 -0.63531751 0.46037728
-0.42732017 0.90145905 -0.06905837 0.11618004
0.55265049 0.32089692 0.76915707 -0.07951108
0.00000000 0.00000000 0.00000000 1.00000000
# frame 8
0.71763933 0.29179208 -0.63233786 0.46027196
-0.42994313 0.89992657 -0.07267105 0.11677056
0.54785281 0.32402092 0.77127670 -0.07764133
0.00000000 0.00000000 0.00000000 1.00000000
# frame 9
0.72120616 0.29402754 -0.62722362 0.45969017
-0.43286561 0.89819171 -0.07667480 0.11511895
0.54082255 0.32680187 0.77505581 -0.07495390
0.00000000 0.00000000 0.00000000 1.00000000
# frame 10
0.72158550 0.29179473 -0.62782976 0.46094382
-0.43356198 0.89745802 -0.08119799 0.11421452
0.53975770 0.33079440 0.77410379 -0.07282501
0.00000000 0.00000000 0.00000000 1.00000000
# frame 11
0.72265060 0.28140728 -0.63133672 0.46033834
-0.43618630 0.89420429 -0.10069856 0.11463122
0.53620669 0.34815030 0.76894327 -0.07238414
0.00000000 0.00000000 0.00000000 1.00000000
# frame 12
0.72460385 0.27470403 -0.63204981 0.46090798
-0.43397660 0.89432676 -0.10882996 0.11582488
0.53536303 0.35315343 0.76724773 -0.07119303
0.00000000 0.00000000 0.00000000 1.00000000
# frame 13
0.72873439 0.27193272 -0.62848928 0.46135367
-0.42847043 0.89699304 -0.10870413 0.11560481
0.53419030 0.34850551 0.77018481 -0.07016248
0.00000000 0.00000000 0.00000000 1.00000000
# frame 14
0.74032303 0.26967638 -0.61578929 0.45947913
-0.40766417 0.90845906 -0.09226083 0.11458083
0.53453880 0.31933805 0.78249056 -0.06946607
0.00000000 0.00000000 0.00000000 1.00000000
# frame 15
0.74374471 0.27114080 -0.61100448 0.45903849
-0.39953054 0.91312386 -0.08111821 0.11295173
0.53592831 0.30444619 0.78746007 -0.06916947
0.00000000 0.00000000 0.00000000 1.00000000
# frame 16
0.74705809 0.27272393 -0.60623912 0.45795185
-0.39186842 0.91733781 -0.07021735 0.11324918
0.53697612 0.29002240 0.79217653 -0.06969810
0.00000000 0.00000000 0.00000000 1.00000000
# frame 17
0.74332190 0.28383829 -0.60572963 0.45830329
-0.38246718 0.92323892 -0.03672542 0.11154920
0.54880909 0.25897051 0.79482253 -0.07045199
0.00000000 0.00000000 0.00000000 1.00000000
# frame 18
0.74375295 0.28728243 -0.60357300 0.45808631
-0.37712924 0.92584855 -0.02404177 0.11174049
0.55191040 0.24550616 0.79694519 -0.07062728
0.00000000 0.00000000 0.00000000 1.00000000
# frame 19
0.75290770 0.30134147 -0.58508403 0.45804544
-0.35960594 0.93293552 0.01774460 0.10930933
0.55119286 0.19703965 0.81077852 -0.06879108
0.00000000 0.00000000 0.00000000 1.00000000
# frame 20
0.75797830 0.30497119 -0.57659472 0.45696311
-0.35525389 0.93437408 0.02719837 0.10818866
0.54704988 0.18422174 0.81657748 -0.06857979
0.00000000 0.00000000 0.00000000 1.00000000
# frame 21
0.76076427 0.30690506 -0.57188024 0.45663934
-0.35248682 0.93523494 0.03299460 0.10670201
0.54496859 0.17647913 0.81967332 -0.06854297
0.00000000 0.00000000 0.00000000 1.00000000
# frame 22
0.76808056 0.30592333 -0.56255060 0.45488537
-0.34393100 0.93811787 0.04057489 0.10491397
0.54015158 0.16231381 0.82576661 -0.06813954
0.00000000 0.00000000 0.00000000 1.00000000
# frame 23
0.76918544 0.30574142 -0.56113807 0.45496611
-0.34392316 0.93815700 0.03972778 0.10511176
0.53858204 0.16243036 0.82676827 -0.06773271
0.00000000 0.00000000 0.00000000 1.00000000
# frame 24
0.76811329 0.30706402 -0.56188403 0.45557951
-0.34555763 0.93754585 0.03997123 0.10503011
0.53906577 0.16346088 0.82624974 -0.06714076
0.00000000 0.00000000 0.00000000 1.00000000
# frame 25
0.77319476 0.30427831 -0.55640325 0.45495896
-0.33894860 0.93982422 0.04294518 0.10628200
0.53598854 0.15538712 0.82980186 -0.06682788
0.00000000 0.00000000 0.00000000 1.00000000
# frame 26
0.77751971 0.30468080 -0.55012064 0.45439052
-0.33493526 0.94102804 0.04779753 0.10514634
0.53224193 0.14709128 0.83371619 -0.06637993
0.00000000 0.00000000 0.00000000 1.00000000
# frame 27
0.78191517 0.30111179 -0.54583914 0.45307908
-0.32845212 0.94320627 0.04981107 0.10461399
0.52983760 0.14033398 0.83640809 -0.06636830
0.00000000 0.00000000 0.00000000 1.00000000
# frame 28
0.78888498 0.29360984 -0.53986456 0.45237393
-0.31850411 0.94663259 0.04941523 0.10470306
0.52556219 0.13296615 0.84030018 -0.06577481
0.00000000 0.00000000 0.00000000 1.00000000
# frame 29
0.80767631 0.27292280 -0.52265871 0.45031003
-0.29516905 0.95450842 0.04229541 0.10345747
0.51042552 0.12011167 0.85149220 -0.06402605
0.00000000 0.00000000 0.00000000 1.00000000
# frame 30
0.81567441 0.25558747 -0.51898969 0.44888097
-0.27965894 0.95953165 0.03301343 0.10492324
0.50642485 0.11821190 0.85414274 -0.06434234
0.00000000 0.00000000 0.00000000 1.00000000
# frame 31
0.81999163 0.25195971 -0.51393583 0.44763883
-0.27236973 0.96148849 0.03680510 0.10530881
0.50341678 0.10980069 0.85703871 -0.06437123
0.00000000 0.00000000 0.00000000 1.00000000
# frame 32
0.82555211 0.24750737 -0.50715265 0.44657140
-0.26304479 0.96385996 0.04220675 0.10499529
0.49927062 0.09855999 0.86082215 -0.06404492
0.00000000 0.00000000 0.00000000 1.00000000
# frame 33
0.83150090 0.24073061 -0.50065460 0.44515540
-0.25264264 0.96650653 0.04513118 0.10568820
0.49475040 0.08896008 0.86446986 -0.06412336
0.00000000 0.00000000 0.00000000 1.00000000
# frame 34
0.84393671 0.23561204 -0.48193131 0.44171836
-0.23804281 0.96957094 0.05716483 0.10661420
0.48073532 0.06647678 0.87434226 -0.06400725
0.00000000 0.00000000 0.00000000 1.00000000
# frame 35
0.84803682 0.23321135 -0.47586344 0.44029523
-0.23374337 0.97050234 0.05906984 0.10731436
0.47560234 0.06113653 0.87753333 -0.06408225
0.00000000 0.00000000 0.00000000 1.00000000
# frame 36
0.85178593 0.23288665 -0.46928088 0.43885287
-0.23220012 0.97079668 0.06030672 0.10796876
0.46962095 0.05759866 0.88098726 -0.06375345
0.00000000 0.00000000 0.00000000 1.00000000
# frame 37
0.85956017 0.22850376 -0.45710213 0.43743742
-0.22403406 0.97242300 0.06482480 0.10921824
0.45930933 0.04668562 0.88704870 -0.06286892
0.00000000 0.00000000 0.00000000 1.00000000
# frame 38
0.86404316 0.22460723 -0.45053413 0.43665014
-0.21710805 0.97370224 0.06905102 0.10983331
0.45419545 0.03815153 0.89008480 -0.06242499
0.00000000 0.00000000 0.00000000 1.00000000
# frame 39
0.88145846 0.21205724 -0.42197477 0.43167759
-0.19632371 0.97718995 0.08097407 0.11149204
0.42952064 0.01146838 0.90298422 -0.06021619
0.00000000 0.00000000 0.00000000 1.00000000
# frame 40
0.88553113 0.20967600 -0.41457277 0.43071908
-0.19242646 0.97775346 0.08348791 0.11175589
0.42285537 0.00584363 0.90617834 -0.05939986
0.00000000 0.00000000 0.00000000 1.00000000
# frame 41
0.88975357 0.20475521 -0.40793859 0.42930713
-0.18662193 0.97881252 0.08425148 0.11260633
0.41654633 0.00116723 0.90911374 -0.05908144
0.00000000 0.00000000 0.00000000 1.00000000
# frame 42
0.89449294 0.19831761 -0.40069005 0.42705144
-0.17962535 0.98013237 0.08411464 0.11412708
0.40941070 -0.00326586 0.91234435 -0.05929497
0.00000000 0.00000000 0.00000000 1.00000000
# frame 43
0.89727488 0.19489822 -0.39612178 0.42574929
-0.17491918 0.98078930 0.08634593 0.11426111
0.40534068 -0.00818674 0.91412905 -0.05938302
0.00000000 0.00000000 0.00000000 1.00000000
# frame 44
0.89951803 0.18984185 -0.39348110 0.42491638
-0.16872499 0.98173237 0.08793998 0.11395714
0.40298782 -0.01271350 0.91511703 -0.05948105
0.00000000 0.00000000 0.00000000 1.00000000
# frame 45
0.90123465 0.18562962 -0.39155811 0.42365410
-0.16432353 0.98251161 0.08757114 0.11403001
0.40096619 -0.01457994 0.91597682 -0.05989098
0.00000000 0.00000000 0.00000000 1.00000000
# frame 46
0.90560969 0.17491095 -0.38636413 0.42172085
-0.15257927 0.98436579 0.08799752 0.11547861
0.39571536 -0.02074025 0.91813898 -0.06029956
0.00000000 0.00000000 0.00000000 1.00000000
# frame 47
0.91086306 0.16700909 -0.37740754 0.41984431
-0.14287733 0.98552228 0.09127931 0.11515262
0.38718801 -0.02921997 0.92153765 -0.06011949
0.00000000 0.00000000 0.00000000 1.00000000
# frame 48
0.91568732 0.15695720 -0.36997454 0.41817176
-0.13175322 0.98694696 0.09261092 0.11454723
0.37968120 -0.03605731 0.92441444 -0.05969800
0.00000000 0.00000000 0.00000000 1.00000000
# frame 49
0.93253211 0.10232560 -0.34628504 0.41063384
-0.08209310 0.99397384 0.07264109 0.11250618
0.35163131 -0.03931254 0.93531275 -0.05808103
0.00000000 0.00000000 0.00000000 1.00000000
# frame 50
0.93772793 0.07685660 -0.33876156 0.40843859
-0.06004458 0.99639991 0.05984867 0.11322551
0.34214176 -0.03578097 0.93896685 -0.05728821
0.00000000 0.00000000 0.00000000 1.00000000
# frame 51
0.94002544 0.06541125 -0.33477387 0.40736343
-0.04933903 0.99719405 0.05630001 0.11366369
0.33751717 -0.03640603 0.94061510 -0.05700755
0.00000000 0.00000000 0.00000000 1.00000000
# frame 52
0.94197058 0.05758775 -0.33071903 0.40599874
-0.04210154 0.99766344 0.05380633 0.11387623
0.33304487 -0.03676020 0.94219414 -0.05664315
0.00000000 0.00000000 0.00000000 1.00000000
# frame 53
0.94339271 0.05149894 -0.32765538 0.40535827
-0.03742899 0.99809193 0.04910781 0.11506692
0.32955919 -0.03406414 0.94352020 -0.05665779
0.00000000 0.00000000 0.00000000 1.00000000
# frame 54
0.94435257 0.04783223 -0.32543862 0.40444400
-0.03422374 0.99828875 0.04741632 0.11622346
0.32714974 -0.03364000 0.94437355 -0.05670888
0.00000000 0.00000000 0.00000000 1.00000000
# frame 55
0.94700544 0.03779317 -0.31898647 0.40150463
-0.02438423 0.99864715 0.04592688 0.11708394
0.32029065 -0.03571476 0.94664584 -0.05713546
0.00000000 0.00000000 0.00000000 1.00000000
# frame 56
0.94838704 0.03193351 -0.31550321 0.40069696
-0.01897957 0.99884918 0.04404641 0.11807171
0.31654668 -0.03578493 0.94790170 -0.05726511
0.00000000 0.00000000 0.00000000 1.00000000
# frame 57
0.94991697 0.02488628 -0.31150992 0.39878065
-0.01174949 0.99896342 0.04397756 0.11742157
0.31228146 -0.03811494 0.94922471 -0.05742313
0.00000000 0.00000000 0.00000000 1.00000000
# frame 58
0.95059509 0.01810352 -0.30990522 0.39786912
-0.00537638 0.99910848 0.04187285 0.11758136
0.31038698 -0.03813796 0.94984495 -0.05738390
0.00000000 0.00000000 0.00000000 1.00000000
# frame 59
0.95802017 -0.02606910 -0.28551315 0.39034821
0.03829384 0.99856949 0.03731690 0.11736011
0.28413190 -0.04668374 0.95764800 -0.05614957
0.00000000 0.00000000 0.00000000 1.00000000
# frame 60
0.95938842 -0.03361799 -0.28007799 0.38835499
0.04546297 0.99832070 0.03590113 0.11615918
0.27840073 -0.04717631 0.95930570 -0.05575648
0.00000000 0.00000000 0.00000000 1.00000000
# frame 61
0.95986217 -0.04338613 -0.27709612 0.38762545
0.05322540 0.99818757 0.02808249 0.11554917
0.27537552 -0.04170387 0.96043173 -0.05549133
0.00000000 0.00000000 0.00000000 1.00000000
# frame 62
0.96009085 -0.05493481 -0.27424026 0.38713012
0.06274053 0.99783411 0.01976657 0.11547993
0.27256042 -0.03618368 0.96145804 -0.05524034
0.00000000 0.00000000 0.00000000 1.00000000
# frame 63
0.96066867 -0.06083966 -0.27095063 0.38593767
0.06721860 0.99763556 0.01431627 0.11610554
0.26943899 -0.03196611 0.96248678 -0.05537597
0.00000000 0.00000000 0.00000000 1.00000000
# frame 64
0.96278371 -0.07081506 -0.26083091 0.38371758
0.07792545 0.99681412 0.01700682 0.11644332
0.25879559 -0.03669926 0.96523469 -0.05438526
0.00000000 0.00000000 0.00000000 1.00000000
# frame 65
0.96374875 -0.07740072 -0.25533795 0.38223991
0.08447507 0.99628329 0.01683923 0.11652922
0.25308557 -0.03779848 0.96670521 -0.05391904
0.00000000 0.00000000 0.00000000 1.00000000
# frame 66
0.96544586 -0.08471605 -0.24644976 0.38034532
0.09155020 0.99566567 0.01638425 0.11714887
0.24399355 -0.03838063 0.96901707 -0.05327227
0.00000000 0.00000000 0.00000000 1.00000000
# frame 67
0.96739724 -0.09096265 -0.23636491 0.37826840
0.09823429 0.99497911 0.01914684 0.11752333
0.23343650 -0.04174174 0.97147570 -0.05254006
0.00000000 0.00000000 0.00000000 1.00000000
# frame 68
0.96970379 -0.10856032 -0.21883607 0.37549161
0.11725153 0.99273275 0.02708820 0.11576921
0.21430502 -0.05192639 0.97538557 -0.05025758
0.00000000 0.00000000 0.00000000 1.00000000
# frame 69
0.97270870 -0.13711010 -0.18718600 0.36963027
0.14952668 0.98729067 0.05384153 0.11599085
0.17742478 -0.08036142 0.98084784 -0.04786249
0.00000000 0.00000000 0.00000000 1.00000000
# frame 70
0.97248874 -0.14337319 -0.18360220 0.36920361
0.15654557 0.98588854 0.05930655 0.11588258
0.17250834 -0.08641707 0.98120995 -0.04794849
0.00000000 0.00000000 0.00000000 1.00000000
# frame 71
0.97282869 -0.14767051 -0.17831929 0.36849271
0.16156204 0.98465353 0.06599340 0.11556819
0.16583744 -0.09300990 0.98175715 -0.04784001
0.00000000 0.00000000 0.00000000 1.00000000
# frame 72
0.97275234 -0.15086814 -0.17604459 0.36771374
0.16551479 0.98360232 0.07163328 0.11551361
0.16235069 -0.09881943 0.98177236 -0.04811233
0.00000000 0.00000000 0.00000000 1.00000000
# frame 73
0.97262332 -0.16009596 -0.16844334 0.36529846
0.17570616 0.98100757 0.08216742 0.11443053
0.15208952 -0.10951448 0.98228069 -0.04815015
0.00000000 0.00000000 0.00000000 1.00000000
# frame 74
0.97178275 -0.16718591 -0.16639458 0.36443845
0.18238185 0.97992102 0.08057080 0.11332867
0.14958324 -0.10864467 0.98276202 -0.04820038
0.00000000 0.00000000 0.00000000 1.00000000
# frame 75
0.97095740 -0.17426319 -0.16393313 0.36349429
0.18899434 0.97880238 0.07891165 0.11358776
0.14670674 -0.10760228 0.98331017 -0.04817911
0.00000000 0.00000000 0.00000000 1.00000000
# frame 76
0.97032879 -0.18148722 -0.15976366 0.36252237
0.19675026 0.97672418 0.08543543 0.11324628
0.14053959 -0.11433399 0.98345125 -0.04765354
0.00000000 0.00000000 0.00000000 1.00000000
# frame 77
0.96979665 -0.19443468 -0.14727393 0.36084133
0.21002184 0.97268960 0.09882187 0.11186302
0.12403742 -0.12676787 0.98414665 -0.04598214
0.00000000 0.00000000 0.00000000 1.00000000
# frame 78
0.96908910 -0.20304494 -0.14013947 0.35913360
0.21864813 0.96995949 0.10663767 0.11091160
0.11427737 -0.13398263 0.98437256 -0.04498982
0.00000000 0.00000000 0.00000000 1.00000000
# frame 79
0.96480333 -0.23578455 -0.11644822 0.35372088
0.24909486 0.96135365 0.11726427 0.10770735
0.08429882 -0.14214361 0.98624992 -0.04168404
0.00000000 0.00000000 0.00000000 1.00000000
# frame 80
0.96333503 -0.24533295 -0.10861563 0.35159916
0.25763480 0.95885961 0.11921646 0.10695949
0.07489941 -0.14282856 0.98690936 -0.04070288
0.00000000 0.00000000 0.00000000 1.00000000
# frame 81
0.96183553 -0.25418314 -0.10130818 0.34954661
0.26559234 0.95631221 0.12217884 0.10624349
0.06582644 -0.14442263 0.98732415 -0.03970900
0.00000000 0.00000000 0.00000000 1.00000000
# frame 82
0.95830986 -0.27197464 -0.08758997 0.34695308
0.28165375 0.95075774 0.12934791 0.10473953
0.04809749 -0.14862542 0.98772320 -0.03745049
0.00000000 0.00000000 0.00000000 1.00000000
# frame 83
0.95649511 -0.28015139 -0.08143891 0.34528260
0.28899607 0.94806187 0.13289079 0.10414860
0.03997958 -0.15064491 0.98777920 -0.03647264
0.00000000 0.00000000 0.00000000 1.00000000
# frame 84
0.95484232 -0.28745672 -0.07513171 0.34500982
0.29539396 0.94562715 0.13613121 0.10401128
0.03191476 -0.15217729 0.98783780 -0.03535761
0.00000000 0.00000000 0.00000000 1.00000000
# frame 85
0.95274257 -0.29593203 -0.06859908 0.34417486
0.30289028 0.94267712 0.14006183 0.10362314
0.02321801 -0.15422086 0.98776356 -0.03441997
0.00000000 0.00000000 0.00000000 1.00000000
# frame 86
0.94754566 -0.31384624 -0.06047940 0.34154559
0.31942603 0.93646034 0.14494500 0.10291859
0.01114612 -0.15666070 0.98758958 -0.03339195
0.00000000 0.00000000 0.00000000 1.00000000
# frame 87
0.94575096 -0.31994796 -0.05646608 0.34084811
0.32483893 0.93435919 0.14646700 0.10211589
0.00589779 -0.15686368 0.98760265 -0.03277743
0.00000000 0.00000000 0.00000000 1.00000000
# frame 88
0.94347033 -0.32744074 -0.05144219 0.34097945
0.33145633 0.93172653 0.14839939 0.10259215
-0.00066196 -0.15706126 0.98758864 -0.03230023
0.00000000 0.00000000 0.00000000 1.00000000
# frame 89
0.93121606 -0.36327693 -0.02943666 0.33659082
0.36287461 0.91657391 0.16797108 0.10091615
-0.03403914 -0.16709918 0.98535232 -0.03085039
0.00000000 0.00000000 0.00000000 1.00000000
# frame 90
0.92832744 -0.37084048 -0.02618227 0.33594010
0.36957522 0.91294098 0.17306915 0.09975187
-0.04027818 -0.17034116 0.98456161 -0.03042597
0.00000000 0.00000000 0.00000000 1.00000000
# frame 91
0.92169791 -0.38756338 -0.01635792 0.33344977
0.38377987 0.90494094 0.18383390 0.09846193
-0.05644434 -0.17571717 0.98282120 -0.02993250
0.00000000 0.00000000 0.00000000 1.00000000
# frame 92
0.91864699 -0.39490849 -0.01161863 0.33223476
0.38959714 0.90062563 0.19258127 0.09771514
-0.06558794 -0.18144078 0.98121224 -0.02964688
0.00000000 0.00000000 0.00000000 1.00000000
# frame 93
0.91489426 -0.40360881 -0.00827132 0.33046683
0.39693970 0.89566691 0.20054840 0.09739583
-0.07353475 -0.18676379 0.97964888 -0.02964646
0.00000000 0.00000000 0.00000000 1.00000000
# frame 94
0.91118801 -0.41193088 -0.00702516 0.32843314
0.40439718 0.89100467 0.20633369 0.09695839
-0.07873577 -0.19084974 0.97845647 -0.02995426
0.00000000 0.00000000 0.00000000 1.00000000
# frame 95
0.90451451 -0.42641240 -0.00509504 0.32547296
0.41701029 0.88194528 0.21971560 0.09578002
-0.08919591 -0.20086064 0.97555066 -0.03022938
0.00000000 0.00000000 0.00000000 1.00000000
# frame 96
0.90076622 -0.43429700 -0.00251773 0.32389174
0.42364150 0.87735964 0.22531743 0.09571878
-0.09564573 -0.20402495 0.97428215 -0.03016395
0.00000000 0.00000000 0.00000000 1.00000000
# frame 97
0.89656833 -0.44290160 -0.00184583 0.32146776
0.43149252 0.87251770 0.22918787 0.09537099
-0.09989715 -0.20627905 0.97338046 -0.03025277
0.00000000 0.00000000 0.00000000 1.00000000
# frame 98
0.89148230 -0.45305213 -0.00175585 0.32007894
0.44118427 0.86723519 0.23078033 0.09398706
-0.10303278 -0.20651123 0.97300429 -0.02978865
0.00000000 0.00000000 0.00000000 1.00000000
# frame 99
0.87043526 -0.49211460 0.01287179 0.31361183
0.47636598 0.84859870 0.23012107 0.09051335
-0.12416892 -0.19417381 0.97307688 -0.02659237
0.00000000 0.00000000 0.00000000 1.00000000
# frame 100
0.86092069 -0.50815740 0.02432327 0.30956734
0.48962447 0.84060854 0.23161427 0.08900191
-0.13814286 -0.18749225 0.97250358 -0.02499154
0.00000000 0.00000000 0.00000000 1.00000000
# frame 101
0.85588374 -0.51638433 0.02846480 0.30730611
0.49730029 0.83686501 0.22879986 0.08771383
-0.14196986 -0.18167053 0.97305723 -0.02489790
0.00000000 0.00000000 0.00000000 1.00000000
# frame 102
0.85358489 -0.52003304 0.03095935 0.30537884
0.50083996 0.83553185 0.22593330 0.08746588
-0.14336031 -0.17734757 0.97365069 -0.02544349
0.00000000 0.00000000 0.00000000 1.00000000
# frame 103
0.85087339 -0.52433385 0.03299216 0.30297389
0.50418904 0.83260809 0.22925352 0.08683729
-0.14767492 -0.17843143 0.97280745 -0.02596041
0.00000000 0.00000000 0.00000000 1.00000000
# frame 104
0.84522429 -0.53310347 0.03737101 0.30088834
0.51106936 0.82676880 0.23507757 0.08536357
-0.15621785 -0.17959409 0.97125792 -0.02599480
0.00000000 0.00000000 0.00000000 1.00000000
# frame 105
0.83673969 -0.54592266 0.04283864 0.29732376
0.52172249 0.81851875 0.24048430 0.08284724
-0.16635006 -0.17887287 0.96970725 -0.02776065
0.00000000 0.00000000 0.00000000 1.00000000
# frame 106
0.83151538 -0.55370206 0.04467885 0.29584248
0.52788937 0.81266560 0.24679430 0.08179484
-0.17295948 -0.18162777 0.96803738 -0.02868059
0.00000000 0.00000000 0.00000000 1.00000000
# frame 107
0.82616320 -0.56131841 0.04874423 0.29513117
0.53358738 0.80725263 0.25224532 0.08054631
-0.18093885 -0.18238650 0.96643484 -0.02937824
0.00000000 0.00000000 0.00000000 1.00000000
# frame 108
0.81897094 -0.57093849 0.05758330 0.29446198
0.53965093 0.80041369 0.26098814 0.07889644
-0.19509864 -0.18266682 0.96362304 -0.02924689
0.00000000 0.00000000 0.00000000 1.00000000
# frame 109
0.77771282 -0.62064914 0.09978682 0.29052613
0.57390461 0.76579147 0.29016707 0.07242859
-0.25650784 -0.16839853 0.95175925 -0.02733628
0.00000000 0.00000000 0.00000000 1.00000000
# frame 110
0.77108594 -0.62768896 0.10692539 0.28973612
0.57856920 0.76081968 0.29395765 0.07158501
-0.26586492 -0.16480287 0.94981886 -0.02693835
0.00000000 0.00000000 0.00000000 1.00000000
# frame 111
0.76590692 -0.63313855 0.11190250 0.28959625
0.58261407 0.75704971 0.29569679 0.07137209
-0.27193279 -0.16128025 0.94870503 -0.02704710
0.00000000 0.00000000 0.00000000 1.00000000
# frame 112
0.75971895 -0.63944720 0.11804408 0.28906227
0.58671636 0.75236300 0.29952267 0.07067481
-0.28034093 -0.15829465 0.94675856 -0.02679389
0.00000000 0.00000000 0.00000000 1.00000000
# frame 113
0.75361754 -0.64575039 0.12274786 0.28942971
0.59125886 0.74754888 0.30262787 0.07022981
-0.28718209 -0.15548991 0.94517159 -0.02662988
0.00000000 0.00000000 0.00000000 1.00000000
# frame 114
0.73900082 -0.66043422 0.13305799 0.28914060
0.60197112 0.73598983 0.30975756 0.06860905
-0.30250382 -0.14881403 0.94145941 -0.02566671
0.00000000 0.00000000 0.00000000 1.00000000
# frame 115
0.73333203 -0.66568085 0.13817790 0.28928818
0.60652959 0.73239147 0.30939392 0.06870702
-0.30715792 -0.14307949 0.94084126 -0.02543820
0.00000000 0.00000000 0.00000000 1.00000000
# frame 116
0.72416808 -0.67270387 0.15182260 0.29014644
0.60982732 0.72746106 0.31450126 0.06990479
-0.32201124 -0.13516620 0.93703728 -0.02442668
0.00000000 0.00000000 0.00000000 1.00000000
# frame 117
0.71606154 -0.67939870 0.16022882 0.29058241
0.61434447 0.72236311 0.31744670 0.06953056
-0.33141626 -0.12887568 0.93464128 -0.02347704
0.00000000 0.00000000 0.00000000 1.00000000
# frame 118
0.70939145 -0.68407951 0.16970268 0.29057629
0.61727559 0.71922332 0.31888661 0.07023679
-0.34019792 -0.12146211 0.93247645 -0.02293083
0.00000000 0.00000000 0.00000000 1.00000000
# frame 119
0.66894922 -0.71544774 0.20159731 0.28870570
0.63950765 0.69219927 0.33449982 0.06867414
-0.37886266 -0.09484037 0.92058046 -0.02174351
0.00000000 0.00000000 0.00000000 1.00000000
# frame 120
0.64829061 -0.73124065 0.21214708 0.28524959
0.65341969 0.67735377 0.33798608 0.06780974
-0.39084778 -0.08049212 0.91692913 -0.02306722
0.00000000 0.00000000 0.00000000 1.00000000
# frame 121
0.64121485 -0.73646286 0.21555968 0.28428331
0.65853682 0.67232576 0.33809367 0.06822186
-0.39391975 -0.07483670 0.91609317 -0.02454310
0.00000000 0.00000000 0.00000000 1.00000000
# frame 122
0.63410189 -0.74105701 0.22079242 0.28263189
0.66141151 0.66772387 0.34158403 0.06848120
-0.40056162 -0.07056443 0.91354860 -0.02553472
0.00000000 0.00000000 0.00000000 1.00000000
# frame 123
0.62319740 -0.74909920 0.22466727 0.27835263
0.66711914 0.65911474 0.34715963 0.06799734
-0.40813851 -0.06646914 0.91049701 -0.02749847
0.00000000 0.00000000 0.00000000 1.00000000
# frame 124
0.61511748 -0.75542023 0.22576705 0.27687870
0.67370157 0.65234945 0.34722672 0.06706059
-0.40958110 -0.06148561 0.91019934 -0.02862518
0.00000000 0.00000000 0.00000000 1.00000000
# frame 125
0.60227363 -0.76453534 0.22967845 0.27414446
0.68152382 0.64225466 0.35076237 0.06591442
-0.41568229 -0.05472359 0.90786208 -0.03021903
0.00000000 0.00000000 0.00000000 1.00000000
# frame 126
0.59659401 -0.76788251 0.23330677 0.27301052
0.68423539 0.63860061 0.35215223 0.06513938
-0.41940138 -0.05045516 0.90639768 -0.03058628
0.00000000 0.00000000 0.00000000 1.00000000
# frame 127
0.58419011 -0.77548234 0.23947664 0.27042682
0.69006849 0.62990656 0.35640316 0.06374562
-0.42723226 -0.04295192 0.90312111 -0.03167840
0.00000000 0.00000000 0.00000000 1.00000000
# frame 128
0.57512666 -0.78076540 0.24420220 0.26967876
0.69413932 0.62371752 0.35937036 0.06223473
-0.43289713 -0.03717313 0.90067654 -0.03180432
0.00000000 0.00000000 0.00000000 1.00000000
# frame 129
0.54356334 -0.79662426 0.26444032 0.26607478
0.70295482 0.60420474 0.37522148 0.05791422
-0.45868663 -0.01806704 0.88841441 -0.03053808
0.00000000 0.00000000 0.00000000 1.00000000
# frame 130
0.53089225 -0.80164452 0.27480808 0.26508054
0.70608982 0.59775385 0.37964127 0.05783565
-0.46860493 -0.00750942 0.88337593 -0.02910293
0.00000000 0.00000000 0.00000000 1.00000000
# frame 131
0.52498844 -0.80290290 0.28237222 0.26493621
0.70311463 0.59608890 0.38769555 0.05977897
-0.47960083 -0.00499564 0.87747256 -0.02846809
0.00000000 0.00000000 0.00000000 1.00000000
# frame 132
0.51058408 -0.80870228 0.29206937 0.26573789
0.69994303 0.58821331 0.40507390 0.05929991
-0.49938328 -0.00239236 0.86637787 -0.02582282
0.00000000 0.00000000 0.00000000 1.00000000
# frame 133
0.49233561 -0.81624242 0.30224817 0.26490010
0.70447645 0.57762480 0.41238638 0.05712892
-0.51119329 0.00989421 0.85940882 -0.02237260
0.00000000 0.00000000 0.00000000 1.00000000
# frame 134
0.48967559 -0.81581833 0.30766584 0.26472803
0.70250959 0.57816363 0.41497844 0.05797537
-0.51642821 0.01293339 0.85623281 -0.02150730
0.00000000 0.00000000 0.00000000 1.00000000
# frame 135
0.47254117 -0.82251264 0.31650877 0.26535830
0.70171739 0.56842486 0.42951820 0.05676852
-0.53319560 0.01913468 0.84577557 -0.01860477
0.00000000 0.00000000 0.00000000 1.00000000
# frame 136
0.46548266 -0.82548236 0.31922526 0.26551724
0.70200349 0.56401107 0.43483631 0.05641777
-0.53899628 0.02168849 0.84202887 -0.01756031
0.00000000 0.00000000 0.00000000 1.00000000
# frame 137
0.45578627 -0.82956513 0.32261520 0.26472998
0.70286294 0.55782380 0.44138000 0.05471617
-0.54611589 0.02557933 0.83731901 -0.01553351
0.00000000 0.00000000 0.00000000 1.00000000
# frame 138
0.45278137 -0.83023951 0.32510212 0.26421002
0.70174622 0.55675823 0.44449129 0.05539534
-0.55003752 0.02688181 0.83470719 -0.01486478
0.00000000 0.00000000 0.00000000 1.00000000
# frame 139
0.44121244 -0.83376836 0.33190647 0.26354462
0.67141762 0.55209414 0.49435862 0.06009675
-0.59542419 0.00473067 0.80339757 -0.01011399
0.00000000 0.00000000 0.00000000 1.00000000
# frame 140
0.43323459 -0.83609435 0.33653237 0.26303299
0.65965929 0.54858539 0.51371558 0.06065930
-0.61413143 -0.00056265 0.78920357 -0.00608638
0.00000000 0.00000000 0.00000000 1.00000000
# frame 141
0.43064534 -0.83539881 0.34154564 0.26350502
0.65277523 0.54964209 0.52132339 0.06193445
-0.62324079 -0.00155296 0.78202845 -0.00451302
0.00000000 0.00000000 0.00000000 1.00000000
# frame 142
0.42662776 -0.83481518 0.34795456 0.26321417
0.64718235 0.55053026 0.52732480 0.06275079
-0.63177826 0.00021865 0.77514914 -0.00269625
0.00000000 0.00000000 0.00000000 1.00000000
# frame 143
0.42582855 -0.83460118 0.34944372 0.26254984
0.64580278 0.55085440 0.52867589 0.06247018
-0.63372613 0.00054644 0.77355730 -0.00051052
0.00000000 0.00000000 0.00000000 1.00000000
# frame 144
0.42642918 -0.83469883 0.34847671 0.26303417
0.64461650 0.55070468 0.53027722 0.06560124
-0.63452953 -0.00149184 0.77289718 0.00020233
0.00000000 0.00000000 0.00000000 1.00000000
# frame 145
0.41967353 -0.83980752 0.34437982 0.26205722
0.64687085 0.54288060 0.53557329 0.06537357
-0.63673560 -0.00199667 0.77107963 0.00171040
0.00000000 0.00000000 0.00000000 1.00000000
# frame 146
0.41548400 -0.85137444 0.32021025 0.26198479
0.66312722 0.52447164 0.53403350 0.06501197
-0.62260367 -0.00954224 0.78247915 0.00185450
0.00000000 0.00000000 0.00000000 1.00000000
# frame 147
0.40584759 -0.85957158 0.31052283 0.26219703
0.67094292 0.51092219 0.53739568 0.06437598
-0.62058306 -0.00975765 0.78408001 0.00263351
0.00000000 0.00000000 0.00000000 1.00000000
# frame 148
0.39880466 -0.87346556 0.27930764 0.26139604
0.68765609 0.48634635 0.53906988 0.06316946
-0.60669922 -0.02291598 0.79460110 0.00231882
0.00000000 0.00000000 0.00000000 1.00000000
# frame 149
0.39619151 -0.89162909 0.21915714 0.26183111
0.72739682 0.45045606 0.51767094 0.06010063
-0.56029113 -0.04568262 0.82703503 -0.00117914
0.00000000 0.00000000 0.00000000 1.00000000
# frame 150
0.38670583 -0.89782239 0.21065033 0.26124304
0.73046565 0.43763668 0.52430342 0.05857167
-0.56291966 -0.04887836 0.82506507 -0.00063368
0.00000000 0.00000000 0.00000000 1.00000000
# frame 151
0.37912601 -0.90323564 0.20106926 0.26108902
0.73951858 0.42636256 0.52089081 0.05664347
-0.55621555 -0.04878880 0.82960468 -0.00064770
0.00000000 0.00000000 0.00000000 1.00000000
# frame 152
0.38248477 -0.90456483 0.18832917 0.26110932
0.74655302 0.42265076 0.51383356 0.05678508
-0.54439323 -0.05593579 0.83696308 -0.00230107
0.00000000 0.00000000 0.00000000 1.00000000
# frame 153
0.37908840 -0.90877255 0.17442604 0.26163793
0.75063710 0.41222831 0.51634461 0.05624206
-0.54114316 -0.06480960 0.83842936 -0.00263036
0.00000000 0.00000000 0.00000000 1.00000000
# frame 154
0.36786606 -0.91704228 0.15397409 0.26225382
0.75909556 0.39179527 0.51987537 0.05553605
-0.53707401 -0.07436346 0.84025090 -0.00266612
0.00000000 0.00000000 0.00000000 1.00000000
# frame 155
0.35929660 -0.92085511 0.15143255 0.26326805
0.76261167 0.38324731 0.52109974 0.05549618
-0.53789348 -0.07174513 0.83995431 -0.00209046
0.00000000 0.00000000 0.00000000 1.00000000
# frame 156
0.34591917 -0.92643410 0.14852538 0.26316280
0.76892535 0.37062593 0.52095126 0.05420499
-0.53767437 -0.06600210 0.84056528 -0.00115783
0.00000000 0.00000000 0.00000000 1.00000000
# frame 157
0.34045752 -0.92910436 0.14440834 0.26436208
0.77923612 0.36475431 0.50965219 0.05488158
-0.52619364 -0.06098672 0.84817503 -0.00200761
0.00000000 0.00000000 0.00000000 1.00000000
# frame 158
0.33626439 -0.93077163 0.14349369 0.26528466
0.78096839 0.36074648 0.50985327 0.05591088
-0.52632180 -0.05938147 0.84820941 -0.00195134
0.00000000 0.00000000 0.00000000 1.00000000
# frame 159
0.29448604 -0.94430436 0.14685793 0.26839455
0.78862610 0.32692512 0.52075795 0.05629668
-0.53976555 -0.03753996 0.84097794 0.00137322
0.00000000 0.00000000 0.00000000 1.00000000
# frame 160
0.28196512 -0.94796495 0.14784491 0.26911445
0.78789964 0.31671949 0.52811261 0.05659819
-0.54745761 -0.03242238 0.83620509 0.00230497
0.00000000 0.00000000 0.00000000 1.00000000
# frame 161
0.27113058 -0.95138553 0.14612937 0.27023204
0.78830912 0.30659238 0.53345088 0.05719658
-0.55231960 -0.02943973 0.83311245 0.00242897
0.00000000 0.00000000 0.00000000 1.00000000
# frame 162
0.25289391 -0.95653234 0.14522585 0.27107885
0.78873823 0.29076267 0.54161710 0.05631125
-0.56030053 -0.02242649 0.82798573 0.00315252
0.00000000 0.00000000 0.00000000 1.00000000
# frame 163
0.24330023 -0.95892668 0.14582396 0.27274946
0.79048381 0.28315223 0.54310235 0.05662996
-0.56208571 -0.01686545 0.82690701 0.00320062
0.00000000 0.00000000 0.00000000 1.00000000
# frame 164
0.23668270 -0.96001019 0.14953840 0.27408563
0.79255526 0.27979619 0.54182123 0.05754296
-0.56199418 -0.00972226 0.82708405 0.00262255
0.00000000 0.00000000 0.00000000 1.00000000
# frame 165
0.23064542 -0.96110292 0.15193374 0.27602897
0.78908093 0.27610976 0.54873918 0.05858317
-0.56934522 -0.00667616 0.82207144 0.00320592
0.00000000 0.00000000 0.00000000 1.00000000
# frame 166
0.19483459 -0.96756184 0.16082152 0.27970750
0.78511244 0.25212442 0.56571348 0.05787334
-0.58790981 0.01604242 0.80876739 0.00676570
0.00000000 0.00000000 0.00000000 1.00000000
# frame 167
0.18527227 -0.96898554 0.16352738 0.28065874
0.78296149 0.24611935 0.57131128 0.05790219
-0.59383962 0.02218750 0.80427745 0.00739691
0.00000000 0.00000000 0.00000000 1.00000000
# frame 168
0.16996515 -0.97219532 0.16108417 0.28214683
0.78280877 0.23249208 0.57719829 0.05656569
-0.59860027 0.02799451 0.80055857 0.00845258
0.00000000 0.00000000 0.00000000 1.00000000
# frame 169
0.10919474 -0.98131177 0.15844153 0.28710942
0.78189489 0.18321487 0.59587976 0.05418500
-0.61377267 0.05881769 0.78728876 0.01333995
0.00000000 0.00000000 0.00000000 1.00000000
# frame 170
0.10034276 -0.98207030 0.15959089 0.28766369
0.78196353 0.17701933 0.59765976 0.05339645
-0.61519457 0.06482342 0.78570577 0.01460347
0.00000000 0.00000000 0.00000000 1.00000000
# frame 171
0.09313825 -0.98251167 0.16123303 0.28819871
0.78162870 0.17246310 0.59942727 0.05364317
-0.61675103 0.07019476 0.78402223 0.01509075
0.00000000 0.00000000 0.00000000 1.00000000
# frame 172
0.06511521 -0.98591919 0.15402387 0.28865592
0.77822883 0.14678603 0.61058476 0.04968541
-0.62459579 0.08010746 0.77682874 0.01756813
0.00000000 0.00000000 0.00000000 1.00000000
# frame 173
0.07238459 -0.98557854 0.15295559 0.28952606
0.78180057 0.15129426 0.60489496 0.05030986
-0.61931280 0.07579569 0.78147724 0.01655883
0.00000000 0.00000000 0.00000000 1.00000000
# frame 174
0.06243039 -0.98647103 0.15158284 0.29045777
0.77556376 0.14354365 0.61473253 0.05018108
-0.62817458 0.07918416 0.77403266 0.01710253
0.00000000 0.00000000 0.00000000 1.00000000
# frame 175
0.04541938 -0.98803412 0.14739625 0.29109448
0.77250178 0.12829011 0.62191852 0.04805332
-0.63338620 0.08561671 0.76908498 0.01798646
0.00000000 0.00000000 0.00000000 1.00000000
# frame 176
0.03292550 -0.98927482 0.14230686 0.29182319
0.76946857 0.11595748 0.62807005 0.04615635
-0.63783543 0.08882114 0.76503384 0.01835706
0.00000000 0.00000000 0.00000000 1.00000000
# frame 177
0.02121455 -0.99028736 0.13740776 0.29246529
0.76476431 0.10459883 0.63576303 0.04497571
-0.64396078 0.09159712 0.75955545 0.01888178
0.00000000 0.00000000 0.00000000 1.00000000
# frame 178
0.01003620 -0.99156548 0.12921753 0.29270649
0.75979203 0.09157319 0.64368503 0.04359717
-0.65008872 0.09171829 0.75430260 0.01958610
0.00000000 0.00000000 0.00000000 1.00000000
# frame 179
-0.01682561 -0.99630110 0.08426748 0.29383529
0.74974395 0.04318811 0.66031720 0.03784957
-0.66151411 0.07428927 0.74624405 0.02081659
0.00000000 0.00000000 0.00000000 1.00000000
# frame 180
-0.02003119 -0.99885849 0.04336434 0.29379757
0.75106540 0.01359506 0.66008783 0.03414837
-0.65992387 0.04579180 0.74993573 0.02004181
0.00000000 0.00000000 0.00000000 1.00000000
# frame 181
-0.01990971 -0.99948309 0.02524196 0.29506766
0.75054994 0.00173784 0.66081144 0.03350519
-0.66051373 0.03210192 0.75012738 0.01991249
0.00000000 0.00000000 0.00000000 1.00000000
# frame 182
-0.02339448 -0.99969642 0.00773133 0.29580968
0.74902199 -0.01240528 0.66242900 0.03272586
-0.66213198 0.02128812 0.74908481 0.01975140
0.00000000 0.00000000 0.00000000 1.00000000
# frame 183
-0.02670196 -0.99956315 -0.01266919 0.29695102
0.74914750 -0.02840050 0.66179411 0.03100083
-0.66186482 0.00818011 0.74957858 0.01998481
0.00000000 0.00000000 0.00000000 1.00000000
# frame 184
-0.01244980 -0.99970220 -0.02098830 0.29853980
0.75095099 -0.02320733 0.65995003 0.03191455
-0.66024058 -0.00754494 0.75101628 0.01980760
0.00000000 0.00000000 0.00000000 1.00000000
# frame 185
-0.03550274 -0.99764442 -0.05869552 0.30082363
0.74255112 -0.06564161 0.66656509 0.03021729
-0.66884781 -0.01991954 0.74313244 0.02113676
0.00000000 0.00000000 0.00000000 1.00000000
# frame 186
-0.02061132 -0.99763512 -0.06556929 0.30270207
0.74966289 -0.05881400 0.65920139 0.03153655
-0.66149885 -0.03556785 0.74910226 0.02032906
0.00000000 0.00000000 0.00000000 1.00000000
# frame 187
-0.01911664 -0.99734505 -0.07026671 0.30434720
0.74794268 -0.06090357 0.66096332 0.03259242
-0.66348798 -0.03992007 0.74712120 0.02060065
0.00000000 0.00000000 0.00000000 1.00000000
# frame 188
-0.02695985 -0.99665605 -0.07713547 0.30647918
0.74315879 -0.07159108 0.66527418 0.03251737
-0.66857175 -0.03938821 0.74260379 0.02184439
0.00000000 0.00000000 0.00000000 1.00000000
# frame 189
-0.04388126 -0.99297629 -0.10987507 0.31407426
0.72778376 -0.10711667 0.67738971 0.03317209
-0.68440137 -0.05024058 0.72737243 0.02528135
0.00000000 0.00000000 0.00000000 1.00000000
# frame 190
-0.05217520 -0.99205961 -0.11443548 0.31517197
0.72142762 -0.11667954 0.68258925 0.03251662
-0.69052150 -0.04694268 0.72178698 0.02663789
0.00000000 0.00000000 0.00000000 1.00000000
# frame 191
-0.05561826 -0.99114861 -0.12054476 0.31639259
0.71879800 -0.12354299 0.68415390 0.03227465
-0.69299065 -0.04859588 0.71930689 0.02735557
0.00000000 0.00000000 0.00000000 1.00000000
# frame 192
-0.05420410 -0.99040103 -0.12715234 0.31778691
0.71608764 -0.12730196 0.68630365 0.03185826
-0.69590258 -0.05385175 0.71611423 0.02825554
0.00000000 0.00000000 0.00000000 1.00000000
# frame 193
-0.06258334 -0.98876068 -0.13577792 0.31946300
0.70886173 -0.13980479 0.69135351 0.03144744
-0.70256557 -0.05298056 0.70964406 0.02936056
0.00000000 0.00000000 0.00000000 1.00000000
# frame 194
-0.06230998 -0.98730772 -0.14608539 0.32123078
0.70539057 -0.14711340 0.69338431 0.02981349
-0.70607479 -0.05984249 0.70560418 0.03094068
0.00000000 0.00000000 0.00000000 1.00000000
# frame 195
-0.06728087 -0.98619547 -0.15130030 0.32221019
0.70193902 -0.15455454 0.69526578 0.02889887
-0.70905211 -0.05942550 0.70264765 0.03174588
0.00000000 0.00000000 0.00000000 1.00000000
# frame 196
-0.06610334 -0.98643224 -0.15027235 0.32248888
0.70267506 -0.15294525 0.69487805 0.02869971
-0.70843356 -0.05965887 0.70325153 0.03210290
0.00000000 0.00000000 0.00000000 1.00000000
# frame 197
-0.06269187 -0.98515790 -0.15979251 0.32349656
0.69699174 -0.15781255 0.69949818 0.02800313
-0.71433343 -0.06752121 0.69654048 0.03357690
0.00000000 0.00000000 0.00000000 1.00000000
# frame 198
-0.06326316 -0.98391987 -0.16703130 0.32413619
0.69183102 -0.16386217 0.70322046 0.02798943
-0.71928270 -0.07106948 0.69107273 0.03420033
0.00000000 0.00000000 0.00000000 1.00000000
# frame 199
-0.05431340 -0.97904213 -0.19628185 0.32647877
0.68002901 -0.18020776 0.71069382 0.02586459
-0.73117070 -0.09487716 0.67556475 0.03574241
0.00000000 0.00000000 0.00000000 1.00000000
# frame 200
-0.04833053 -0.97821500 -0.20189002 0.32739263
0.68009400 -0.18026294 0.71061763 0.02528340
-0.73153012 -0.10295967 0.67399035 0.03578583
0.00000000 0.00000000 0.00000000 1.00000000
# frame 201
-0.04494559 -0.97582384 -0.21388721 0.32791791
0.67762415 -0.18709827 0.71121006 0.02501881
-0.73403365 -0.11296938 0.66965104 0.03535054
0.00000000 0.00000000 0.00000000 1.00000000
# frame 202
-0.04897972 -0.97153845 -0.23176287 0.33045293
0.68062614 -0.20229012 0.70414967 0.02357167
-0.73099182 -0.12325481 0.67116258 0.03559231
0.00000000 0.00000000 0.00000000 1.00000000
# frame 203
-0.05107528 -0.96812666 -0.24519806 0.33146987
0.68018007 -0.21349444 0.70126685 0.02273226
-0.73126356 -0.13096144 0.66940474 0.03548378
0.00000000 0.00000000 0.00000000 1.00000000
# frame 204
-0.05183278 -0.96503763 -0.25693527 0.33307193
0.68159099 -0.22222646 0.69717224 0.02251836
-0.72989526 -0.13898839 0.66927957 0.03531617
0.00000000 0.00000000 0.00000000 1.00000000
# frame 205
-0.05815954 -0.96200558 -0.26676343 0.33478747
0.68236463 -0.23335661 0.69276490 0.02245054
-0.72869471 -0.14173904 0.67001049 0.03542656
0.00000000 0.00000000 0.00000000 1.00000000
# frame 206
-0.06174328 -0.95820402 -0.27934355 0.33752347
0.68829133 -0.24355974 0.68332547 0.02212917
-0.72280206 -0.15007898 0.67456170 0.03562740
0.00000000 0.00000000 0.00000000 1.00000000
# frame 207
-0.06580836 -0.95535963 -0.28802298 0.33801720
0.69453973 -0.25110433 0.67421152 0.02135201
-0.71643829 -0.15567465 0.68005999 0.03529599
0.00000000 0.00000000 0.00000000 1.00000000
# frame 208
-0.05576173 -0.95116005 -0.30362015 0.33821815
0.70604934 -0.25257789 0.66158804 0.02033777
-0.70596385 -0.17747951 0.68565010 0.03412498
0.00000000 0.00000000 0.00000000 1.00000000
# frame 209
-0.04210124 -0.93830206 -0.34324441 0.33773849
0.72948604 -0.26361719 0.63115457 0.01989816
-0.68269876 -0.22381962 0.69557687 0.02940714
0.00000000 0.00000000 0.00000000 1.00000000
# frame 210
-0.03863859 -0.93379957 -0.35570411 0.33810831
0.73610885 -0.26732884 0.62183523 0.02054039
-0.67575944 -0.23781011 0.69770734 0.02789141
0.00000000 0.00000000 0.00000000 1.00000000
# frame 211
-0.02697437 -0.93150231 -0.36273383 0.33914640
0.73947583 -0.26276194 0.61978356 0.02099959
-0.67264246 -0.25151463 0.69591128 0.02742517
0.00000000 0.00000000 0.00000000 1.00000000
# frame 212
-0.03331331 -0.92584383 -0.37643515 0.33922223
0.73711118 -0.27711706 0.61633858 0.02053250
-0.67494987 -0.25694228 0.69168153 0.02709590
0.00000000 0.00000000 0.00000000 1.00000000
# frame 213
-0.02761024 -0.92315081 -0.38344524 0.33941054
0.74419271 -0.27508709 0.60869064 0.01995991
-0.66739410 -0.26855106 0.69459733 0.02627544
0.00000000 0.00000000 0.00000000 1.00000000
# frame 214
-0.01809720 -0.92060055 -0.39008605 0.33996845
0.75274320 -0.26933129 0.60069820 0.02020125
-0.65806548 -0.28276366 0.69784994 0.02484988
0.00000000 0.00000000 0.00000000 1.00000000
# frame 215
-0.01779763 -0.91320828 -0.40710427 0.34113756
0.76015105 -0.27685767 0.58780967 0.01950161
-0.64950260 -0.29899912 0.69910364 0.02408583
0.00000000 0.00000000 0.00000000 1.00000000
# frame 216
-0.00834236 -0.91132565 -0.41160171 0.34185063
0.76952285 -0.26870344 0.57933846 0.01952101
-0.63856479 -0.31190387 0.70352753 0.02338320
0.00000000 0.00000000 0.00000000 1.00000000
# frame 217
-0.00253147 -0.90835946 -0.41818259 0.34310614
0.77222012 -0.26746975 0.57631243 0.01917995
-0.63535005 -0.32147009 0.70213054 0.02366854
0.00000000 0.00000000 0.00000000 1.00000000
# frame 218
0.00043294 -0.90391032 -0.42772181 0.34378494
0.77412575 -0.27045856 0.57234735 0.01928328
-0.63303170 -0.33135826 0.69962316 0.02322021
0.00000000 0.00000000 0.00000000 1.00000000
# frame 219
0.02782364 -0.90054758 -0.43386622 0.34589613
0.79127311 -0.24538172 0.56006668 0.02248539
-0.61082953 -0.35888976 0.70575167 0.01911941
0.00000000 0.00000000 0.00000000 1.00000000
# frame 220
0.03798635 -0.90698140 -0.41945415 0.34648670
0.80542421 -0.22066805 0.55008859 0.02420514
-0.59148024 -0.35873439 0.72212240 0.01784179
0.00000000 0.00000000 0.00000000 1.00000000
# frame 221
0.05485004 -0.91049653 -0.40986283 0.34629505
0.81283703 -0.19768169 0.54792145 0.02585184
-0.57990295 -0.36320520 0.72924245 0.01710925
0.00000000 0.00000000 0.00000000 1.00000000
# frame 222
0.05420061 -0.91339546 -0.40344892 0.34690383
0.81785163 -0.19119676 0.54273613 0.02722073
-0.57287084 -0.35937799 0.73665898 0.01692246
0.00000000 0.00000000 0.00000000 1.00000000
# frame 223
0.05000322 -0.91570269 -0.39873331 0.34762247
0.82344939 -0.18812312 0.53529505 0.02852742
-0.56518208 -0.35510318 0.74462806 0.01664226
0.00000000 0.00000000 0.00000000 1.00000000
# frame 224
0.05223861 -0.91574258 -0.39835495 0.34779672
0.83798334 -0.17677800 0.51626879 0.03030166
-0.54318971 -0.36078397 0.75814238 0.01469422
0.00000000 0.00000000 0.00000000 1.00000000
# frame 225
0.06369077 -0.91705618 -0.39363874 0.34848624
0.84602228 -0.15959755 0.50869925 0.03193819
-0.52932957 -0.36542659 0.76568506 0.01387815
0.00000000 0.00000000 0.00000000 1.00000000
# frame 226
0.06865773 -0.91407119 -0.39969985 0.34909188
0.84573535 -0.15918168 0.50930630 0.03267374
-0.52916711 -0.37300811 0.76213327 0.01386785
0.00000000 0.00000000 0.00000000 1.00000000
# frame 227
0.07604690 -0.91441805 -0.39756319 0.34863317
0.86039174 -0.14132986 0.48964469 0.03378746
-0.50392749 -0.37929605 0.77601004 0.01160461
0.00000000 0.00000000 0.00000000 1.00000000
# frame 228
0.06669219 -0.91247354 -0.40366345 0.34885687
0.85527560 -0.15607448 0.49410971 0.03281544
-0.51386360 -0.37819676 0.77000741 0.01287209
0.00000000 0.00000000 0.00000000 1.00000000
# frame 229
0.07240317 -0.90752134 -0.41371826 0.34902538
0.87516987 -0.14114413 0.46276996 0.03121517
-0.47836752 -0.39557977 0.78401605 0.01112904
0.00000000 0.00000000 0.00000000 1.00000000
# frame 230
0.07481919 -0.90597131 -0.41667502 0.34917940
0.87424729 -0.14140259 0.46443189 0.02980098
-0.47968089 -0.39902543 0.78146334 0.01190559
0.00000000 0.00000000 0.00000000 1.00000000
# frame 231
0.07048957 -0.90495202 -0.41963443 0.34949784
0.87941383 -0.14217722 0.45433133 0.02942788
-0.47081052 -0.40105794 0.78580531 0.01143024
0.00000000 0.00000000 0.00000000 1.00000000
# frame 232
0.07820627 -0.89671772 -0.43563874 0.35053833
0.87985084 -0.14338881 0.45310281 0.02865571
-0.46877104 -0.41873259 0.77776393 0.01164298
0.00000000 0.00000000 0.00000000 1.00000000
# frame 233
0.08093663 -0.89286875 -0.44298381 0.35100820
0.88571485 -0.13940296 0.44280472 0.02902505
-0.45711976 -0.42819646 0.77954430 0.01039194
0.00000000 0.00000000 0.00000000 1.00000000
# frame 234
0.09145316 -0.88907006 -0.44854292 0.35107425
0.88669671 -0.13229781 0.44301945 0.02876815
-0.45321657 -0.43823706 0.77623645 0.01045049
0.00000000 0.00000000 0.00000000 1.00000000
# frame 235
0.07657647 -0.88668551 -0.45598778 0.35192108
0.88699624 -0.14829230 0.43731803 0.02852449
-0.45538304 -0.43794772 0.77513101 0.01092734
0.00000000 0.00000000 0.00000000 1.00000000
# frame 236
0.08802575 -0.88363074 -0.45983496 0.35303993
0.89190578 -0.13564623 0.43139793 0.02889844
-0.44357135 -0.44810358 0.77617501 0.01230260
0.00000000 0.00000000 0.00000000 1.00000000
# frame 237
0.08159919 -0.88499305 -0.45839816 0.35366662
0.89685232 -0.13541903 0.42109097 0.02909847
-0.43473841 -0.44547614 0.78265799 0.01241837
0.00000000 0.00000000 0.00000000 1.00000000
# frame 238
0.10820525 -0.88646799 -0.44996236 0.35456780
0.90398592 -0.10059106 0.41556094 0.02977609
-0.41364366 -0.45172551 0.79047010 0.01262152
0.00000000 0.00000000 0.00000000 1.00000000
# frame 239
0.11283047 -0.89719358 -0.42698121 0.35635800
0.92432886 -0.06287939 0.37638058 0.03164545
-0.36453456 -0.43713826 0.82220721 0.01401356
0.00000000 0.00000000 0.00000000 1.00000000
# frame 240
0.13784023 -0.89880951 -0.41610279 0.35674458
0.93457595 -0.02108552 0.35513827 0.03329798
-0.32797540 -0.43783200 0.83709933 0.01209505
0.00000000 0.00000000 0.00000000 1.00000000
# frame 241
0.16547909 -0.89499607 -0.41424475 0.35667505
0.93011949 0.00199248 0.36725164 0.03720265
-0.32786339 -0.44606958 0.83278300 0.01247283
0.00000000 0.00000000 0.00000000 1.00000000
# frame 242
0.17191286 -0.89818488 -0.40461078 0.35681743
0.93306731 0.01672763 0.35931265 0.03954925
-0.31596101 -0.43929956 0.84094265 0.01195373
0.00000000 0.00000000 0.00000000 1.00000000
# frame 243
0.18608788 -0.89822847 -0.39819206 0.35689272
0.93461274 0.03680190 0.35375790 0.04095105
-0.30310120 -0.43798543 0.84634415 0.01121892
0.00000000 0.00000000 0.00000000 1.00000000
# frame 244
0.19500126 -0.89786346 -0.39473500 0.35755419
0.93690976 0.05147171 0.34576114 0.04211410
-0.29012861 -0.43725493 0.85125408 0.01052753
0.00000000 0.00000000 0.00000000 1.00000000
# frame 245
0.19524905 -0.89661432 -0.39744253 0.35779850
0.93670559 0.05039883 0.34647165 0.04399682
-0.29062080 -0.43993490 0.84970397 0.00988257
0.00000000 0.00000000 0.00000000 1.00000000
# frame 246
0.21226888 -0.89478623 -0.39280978 0.35849020
0.93790864 0.07369410 0.33896395 0.04545545
-0.27435251 -0.44037118 0.85487071 0.00889119
0.00000000 0.00000000 0.00000000 1.00000000
# frame 247
0.21402825 -0.89325288 -0.39533682 0.35910994
0.93779846 0.07463918 0.33906201 0.04594404
-0.27336050 -0.44331511 0.85366607 0.00900291
0.00000000 0.00000000 0.00000000 1.00000000
# frame 248
0.21271355 -0.89302306 -0.39656368 0.35979171
0.93947481 0.07535795 0.33422786 0.04609524
-0.26858896 -0.44365638 0.85500233 0.00901178
0.00000000 0.00000000 0.00000000 1.00000000
# frame 249
0.24254272 -0.88072907 -0.40680380 0.36146270
0.94679243 0.12344764 0.29722850 0.04833566
-0.21155881 -0.45724937 0.86380894 0.00673365
0.00000000 0.00000000 0.00000000 1.00000000
# frame 250
0.23986181 -0.88125785 -0.40724797 0.36186830
0.94879322 0.12397186 0.29055535 0.04826208
-0.20556690 -0.45608725 0.86586758 0.00691168
0.00000000 0.00000000 0.00000000 1.00000000
# frame 251
0.24791590 -0.87954406 -0.40612801 0.36246293
0.94959578 0.13760495 0.28166066 0.04869029
-0.19184773 -0.45548560 0.86932578 0.00696472
0.00000000 0.00000000 0.00000000 1.00000000
# frame 252
0.25960769 -0.87577297 -0.40697119 0.36269230
0.94841724 0.15180953 0.27831387 0.04936841
-0.18195766 -0.45823092 0.87000910 0.00727602
0.00000000 0.00000000 0.00000000 1.00000000
# frame 253
0.26626265 -0.87384769 -0.40681004 0.36351818
0.94779638 0.16052854 0.27552243 0.04988843
-0.17546002 -0.45893442 0.87097244 0.00835394
0.00000000 0.00000000 0.00000000 1.00000000
# frame 254
0.27818713 -0.86791020 -0.41151405 0.36622351
0.94800471 0.17913323 0.26305579 0.05198656
-0.15459296 -0.46329599 0.87261552 0.00939578
0.00000000 0.00000000 0.00000000 1.00000000
# frame 255
0.28651745 -0.86157979 -0.41903224 0.36739518
0.94661219 0.18712352 0.26250743 0.05306517
-0.14776031 -0.47187399 0.86919608 0.00977533
0.00000000 0.00000000 0.00000000 1.00000000
# frame 256
0.28697525 -0.85898707 -0.42401229 0.36795707
0.94700301 0.18770553 0.26067593 0.05452733
-0.14432780 -0.47634845 0.86733018 0.00989027
0.00000000 0.00000000 0.00000000 1.00000000
# frame 257
0.28870114 -0.85796491 -0.42490924 0.36902435
0.94751120 0.19235090 0.25538923 0.05558219
-0.13738332 -0.47633743 0.86846328 0.01012782
0.00000000 0.00000000 0.00000000 1.00000000
# frame 258
0.30132662 -0.85281373 -0.42651028 0.37117177
0.94598501 0.21124636 0.24594171 0.05637173
-0.11964373 -0.47758112 0.87040316 0.01050765
0.00000000 0.00000000 0.00000000 1.00000000
# frame 259
0.30519733 -0.85377708 -0.42180479 0.37484507
0.94610657 0.22145808 0.23630210 0.05589167
-0.10833724 -0.47119105 0.87535252 0.01392705
0.00000000 0.00000000 0.00000000 1.00000000
# frame 260
0.30552226 -0.85453643 -0.42002814 0.37587053
0.94652933 0.22455467 0.23164075 0.05522062
-0.10362617 -0.46834036 0.87745024 0.01491867
0.00000000 0.00000000 0.00000000 1.00000000
# frame 261
0.31252115 -0.85258157 -0.41884984 0.37630154
0.94468433 0.23276569 0.23106633 0.05468055
-0.09950902 -0.46789400 0.87816465 0.01586073
0.00000000 0.00000000 0.00000000 1.00000000
# frame 262
0.31374573 -0.85263255 -0.41782933 0.37749154
0.94429885 0.23416301 0.23123013 0.05494770
-0.09931417 -0.46710322 0.87860758 0.01713933
0.00000000 0.00000000 0.00000000 1.00000000
# frame 263
0.31652924 -0.84918953 -0.42271311 0.37909992
0.94407783 0.23863878 0.22752710 0.05488047
-0.09233789 -0.47109306 0.87723717 0.01923094
0.00000000 0.00000000 0.00000000 1.00000000
# frame 264
0.32051328 -0.84600067 -0.42609166 0.37920491
0.94322791 0.24366471 0.22571800 0.05452479
-0.08713408 -0.47424716 0.87606922 0.01973204
0.00000000 0.00000000 0.00000000 1.00000000
# frame 265
0.32218761 -0.84414178 -0.42850881 0.38001673
0.94305934 0.24666639 0.22314741 0.05387344
-0.08266933 -0.47600457 0.87554865 0.02049726
0.00000000 0.00000000 0.00000000 1.00000000
# frame 266
0.33299178 -0.84034404 -0.42771295 0.38011446
0.94002685 0.26028499 0.22045690 0.05314605
-0.07393238 -0.47547199 0.87661873 0.02130690
0.00000000 0.00000000 0.00000000 1.00000000
# frame 267
0.35127799 -0.83253964 -0.42834744 0.38184549
0.93302798 0.27323004 0.23410284 0.05293537
-0.07786251 -0.48189532 0.87276247 0.02560874
0.00000000 0.00000000 0.00000000 1.00000000
# frame 268
0.35145308 -0.83072275 -0.43171802 0.38352512
0.93298981 0.27259593 0.23499250 0.05342046
-0.07752904 -0.48537735 0.87086054 0.02737257
0.00000000 0.00000000 0.00000000 1.00000000
# frame 269
0.40532786 -0.78781751 -0.46373795 0.38670819
0.91387573 0.33629125 0.22746286 0.05547909
-0.02324821 -0.51599589 0.85627551 0.03114508
0.00000000 0.00000000 0.00000000 1.00000000
# frame 270
0.42234814 -0.77857317 -0.46416147 0.38794022
0.90633553 0.35519652 0.22889156 0.05612815
-0.01334029 -0.51735795 0.85566511 0.03366273
0.00000000 0.00000000 0.00000000 1.00000000
# frame 271
0.43181685 -0.77300525 -0.46475487 0.38974451
0.90193377 0.36604058 0.22919374 0.05664353
-0.00704882 -0.51814783 0.85526203 0.03637324
0.00000000 0.00000000 0.00000000 1.00000000
# frame 272
0.44936962 -0.76522485 -0.46097492 0.39214689
0.89327102 0.39157211 0.22076722 0.05767729
0.01156836 -0.51098162 0.85951379 0.04025334
0.00000000 0.00000000 0.00000000 1.00000000
# frame 273
0.45444236 -0.76269076 -0.46020099 0.39314969
0.89066560 0.39718855 0.22126014 0.05798762
0.01403350 -0.51043516 0.85980172 0.04209727
0.00000000 0.00000000 0.00000000 1.00000000
# frame 274
0.45847936 -0.76254039 -0.45643052 0.39381167
0.88856408 0.40247678 0.22015068 0.05829901
0.01582890 -0.50650231 0.86209330 0.04368684
0.00000000 0.00000000 0.00000000 1.00000000
# frame 275
0.46531138 -0.76253207 -0.44947766 0.39479383
0.88498446 0.41051332 0.21973010 0.05824231
0.01696532 -0.50002366 0.86584555 0.04632954
0.00000000 0.00000000 0.00000000 1.00000000
# frame 276
0.48523443 -0.76569782 -0.42220185 0.39624114
0.87376524 0.44278243 0.20119153 0.05980751
0.03289165 -0.46653036 0.88389341 0.04982016
0.00000000 0.00000000 0.00000000 1.00000000
# frame 277
0.48157747 -0.76844178 -0.42140287 0.39639799
0.87602439 0.43621249 0.20566948 0.05989501
0.02577618 -0.46820497 0.88324385 0.05146478
0.00000000 0.00000000 0.00000000 1.00000000
# frame 278
0.49713842 -0.76036345 -0.41797227 0.39603429
0.86611345 0.46372647 0.18656168 0.06145351
0.05197012 -0.45475838 0.88909725 0.05058392
0.00000000 0.00000000 0.00000000 1.00000000
# frame 279
0.50068993 -0.75816559 -0.41772542 0.39412536
0.86244196 0.47827643 0.16566690 0.06270606
0.07418528 -0.44321168 0.89334201 0.04894828
0.00000000 0.00000000 0.00000000 1.00000000
# frame 280
0.50652375 -0.74957060 -0.42611925 0.39333176
0.85727728 0.49068923 0.15588377 0.06383899
0.09224624 -0.44426118 0.89113559 0.04668152
0.00000000 0.00000000 0.00000000 1.00000000
# frame 281
0.51530465 -0.73667183 -0.43792207 0.39285814
0.84914021 0.50796051 0.14469631 0.06519421
0.11585342 -0.44641991 0.88729208 0.04566882
0.00000000 0.00000000 0.00000000 1.00000000
# frame 282
0.52325720 -0.72680197 -0.44492786 0.39250915
0.84126717 0.52383174 0.13367821 0.06608855
0.13590975 -0.44425129 0.88553336 0.04489364
0.00000000 0.00000000 0.00000000 1.00000000
# frame 283
0.53619686 -0.71641551 -0.44636503 0.39214369
0.83042741 0.54249346 0.12685099 0.06731143
0.15127210 -0.43869086 0.88581436 0.04584349
0.00000000 0.00000000 0.00000000 1.00000000
# frame 284
0.53911058 -0.70978199 -0.45339751 0.39300558
0.82692094 0.54825662 0.12496573 0.06647711
0.15987977 -0.44229425 0.88250454 0.04744862
0.00000000 0.00000000 0.00000000 1.00000000
# frame 285
0.55333822 -0.69579364 -0.45791705 0.39278493
0.81253681 0.57186950 0.11291240 0.06733853
0.18330506 -0.43455321 0.88179519 0.04795299
0.00000000 0.00000000 0.00000000 1.00000000
# frame 286
0.55980513 -0.68771147 -0.46224577 0.39421949
0.80672593 0.57972820 0.11449230 0.06585407
0.18923925 -0.43699903 0.87932949 0.05128754
0.00000000 0.00000000 0.00000000 1.00000000
# frame 287
0.56702084 -0.68132001 -0.46291511 0.39383432
0.79974157 0.58993042 0.11133518 0.06637817
0.19723282 -0.43334183 0.87938278 0.05138842
0.00000000 0.00000000 0.00000000 1.00000000
# frame 288
0.59097316 -0.65802504 -0.46664095 0.39297401
0.77860884 0.61658117 0.11660160 0.06835469
0.21099525 -0.43223919 0.87672703 0.05229335
0.00000000 0.00000000 0.00000000 1.00000000
# frame 289
0.61175534 -0.65379016 -0.44532440 0.39543509
0.77206116 0.61607035 0.15613743 0.06940008
0.17227005 -0.43933558 0.88165032 0.05984768
0.00000000 0.00000000 0.00000000 1.00000000
# frame 290
0.61697683 -0.65034111 -0.44316593 0.39543049
0.76890771 0.61813576 0.16336803 0.07016644
0.16769176 -0.44154799 0.88142773 0.06053962
0.00000000 0.00000000 0.00000000 1.00000000
# frame 291
0.62195859 -0.65084263 -0.43539796 0.39515113
0.76800367 0.61549299 0.17702750 0.06994188
0.15276735 -0.44449101 0.88266068 0.06233082
0.00000000 0.00000000 0.00000000 1.00000000
# frame 292
0.62534950 -0.65276842 -0.42758788 0.39553589
0.76750985 0.61348129 0.18592829 0.06939767
0.14094905 -0.44444808 0.88464641 0.06476792
0.00000000 0.00000000 0.00000000 1.00000000
# frame 293
0.63235504 -0.64790929 -0.42466534 0.39575570
0.76120565 0.62147009 0.18531296 0.07065350
0.14385082 -0.44044124 0.88618195 0.06510382
0.00000000 0.00000000 0.00000000 1.00000000
# frame 294
0.64184851 -0.64301201 -0.41781102 0.39541834
0.75411855 0.62808789 0.19186142 0.07214076
0.13905285 -0.43822501 0.88804456 0.06572284
0.00000000 0.00000000 0.00000000 1.00000000
# frame 295
0.64875835 -0.63957684 -0.41237612 0.39603566
0.74843993 0.63427819 0.19372367 0.07342270
0.13766001 -0.43431860 0.89017812 0.06670310
0.00000000 0.00000000 0.00000000 1.00000000
# frame 296
0.65716937 -0.62467615 -0.42179157 0.39612707
0.73762194 0.64810756 0.18939500 0.07537583
0.15505576 -0.43558731 0.88669127 0.06499555
0.00000000 0.00000000 0.00000000 1.00000000
# frame 297
0.66337479 -0.61570517 -0.42525408 0.39714109
0.73111672 0.65435768 0.19309162 0.07685993
0.15938077 -0.43900248 0.88423673 0.06440508
0.00000000 0.00000000 0.00000000 1.00000000
# frame 298
0.66358030 -0.62468509 -0.41161843 0.39774947
0.73825368 0.63580619 0.22523762 0.07725919
0.12100696 -0.45334207 0.88308453 0.06748792
0.00000000 0.00000000 0.00000000 1.00000000
# frame 299
0.67739712 -0.61348347 -0.40592016 0.39885687
0.72471249 0.65121663 0.22518595 0.07919633
0.12619410 -0.44671573 0.88573140 0.06830110
0.00000000 0.00000000 0.00000000 1.00000000
# frame 300
0.67940353 -0.61570769 -0.39914269 0.39875148
0.72438493 0.64950421 0.23110767 0.07807785
0.11695009 -0.44614831 0.88728482 0.07039226
0.00000000 0.00000000 0.00000000 1.00000000
# frame 301
0.68185340 -0.61320033 -0.39882488 0.39966821
0.72210967 0.65129294 0.23318477 0.07693506
0.11676285 -0.44699314 0.88688419 0.07142696
0.00000000 0.00000000 0.00000000 1.00000000
# frame 302
0.68331665 -0.61400369 -0.39506686 0.40021661
0.72187775 0.64923873 0.23954455 0.07614248
0.10941147 -0.44887476 0.88687123 0.07308690
0.00000000 0.00000000 0.00000000 1.00000000
# frame 303
0.68650310 -0.61286265 -0.39129639 0.40053339
0.71982606 0.64888031 0.24658626 0.07573884
0.10278102 -0.45094757 0.88661285 0.07442858
0.00000000 0.00000000 0.00000000 1.00000000
# frame 304
0.68864528 -0.60905051 -0.39347827 0.40091303
0.71768452 0.64991883 0.25006887 0.07519785
0.10342436 -0.45460201 0.88466966 0.07525589
0.00000000 0.00000000 0.00000000 1.00000000
# frame 305
0.70047427 -0.59664386 -0.39160172 0.40115330
0.70584502 0.66024960 0.25661893 0.07515481
0.10544477 -0.45616508 0.88362595 0.07724996
0.00000000 0.00000000 0.00000000 1.00000000
# frame 306
0.70394850 -0.59505816 -0.38776577 0.40080507
0.70320884 0.66062054 0.26282660 0.07529578
0.09976892 -0.45769671 0.88349300 0.07914706
0.00000000 0.00000000 0.00000000 1.00000000
# frame 307
0.70618060 -0.59349607 -0.38609763 0.40112539
0.70111160 0.66221372 0.26441542 0.07453678
0.09874963 -0.45742257 0.88374946 0.08070834
0.00000000 0.00000000 0.00000000 1.00000000
# frame 308
0.71228362 -0.58666371 -0.38532810 0.40165605
0.69401302 0.67069184 0.26176017 0.07509998
0.10487122 -0.45387020 0.88487506 0.08166157
0.00000000 0.00000000 0.00000000 1.00000000
# frame 309
0.73690030 -0.56445987 -0.37197178 0.40305880
0.66772240 0.69362843 0.27023399 0.07779455
0.10547396 -0.44750939 0.88803749 0.08660686
0.00000000 0.00000000 0.00000000 1.00000000
# frame 310
0.74383713 -0.55268421 -0.37582775 0.40312908
0.65808013 0.70388395 0.26735357 0.07815373
0.11677703 -0.44619228 0.88728551 0.08711332
0.00000000 0.00000000 0.00000000 1.00000000
# frame 311
0.75110063 -0.54254014 -0.37616225 0.40397855
0.64809508 0.71450136 0.26355373 0.07895243
0.12577996 -0.44174428 0.88828002 0.08785605
0.00000000 0.00000000 0.00000000 1.00000000
# frame 312
0.76278492 -0.52774004 -0.37369722 0.40420917
0.63423195 0.72328005 0.27315892 0.07893302
0.12613085 -0.44537222 0.88641672 0.09096314
0.00000000 0.00000000 0.00000000 1.00000000
# frame 313
0.76789515 -0.51602853 -0.37954129 0.40498264
0.62507042 0.73319264 0.26779754 0.07929696
0.14008571 -0.44288046 0.88556925 0.09156370
0.00000000 0.00000000 0.00000000 1.00000000
# frame 314
0.77278664 -0.50744669 -0.38118061 0.40497852
0.61822152 0.73770454 0.27128244 0.07930221
0.14353729 -0.44529750 0.88380268 0.09275769
0.00000000 0.00000000 0.00000000 1.00000000
# frame 315
0.77368727 -0.50570834 -0.38166357 0.40543755
0.61732215 0.73725692 0.27452795 0.07849947
0.14255303 -0.44800815 0.88259126 0.09500389
0.00000000 0.00000000 0.00000000 1.00000000
# frame 316
0.77801753 -0.49393185 -0.38822679 0.40616064
0.60790860 0.74783582 0.26681214 0.07743422
0.15854288 -0.44359093 0.88209480 0.09628892
0.00000000 0.00000000 0.00000000 1.00000000
# frame 317
0.78554546 -0.47810561 -0.39285285 0.40632517
0.59746184 0.75129597 0.28034572 0.07592789
0.16111390 -0.45493889 0.87582699 0.09906715
0.00000000 0.00000000 0.00000000 1.00000000
# frame 318
0.78517756 -0.47163547 -0.40131807 0.40656178
0.59539630 0.75314196 0.27978643 0.07502858
0.17029227 -0.45862531 0.87216017 0.09961990
0.00000000 0.00000000 0.00000000 1.00000000
# frame 319
0.79669851 -0.43159159 -0.42308412 0.40690707
0.56328730 0.78395975 0.26098760 0.07155778
0.21904087 -0.44624635 0.86768963 0.10247023
0.00000000 0.00000000 0.00000000 1.00000000
# frame 320
0.79962081 -0.42880605 -0.42039497 0.40688123
0.56041471 0.78437417 0.26588062 0.07094889
0.21573574 -0.44819921 0.86751113 0.10431974
0.00000000 0.00000000 0.00000000 1.00000000
# frame 321
0.79781119 -0.43590602 -0.41651320 0.40702032
0.56585490 0.77982444 0.26773509 0.06902104
0.20809983 -0.44928808 0.86881222 0.10705525
0.00000000 0.00000000 0.00000000 1.00000000
# frame 322
0.80132908 -0.43234173 -0.41346382 0.40721529
0.56034907 0.78447942 0.26570841 0.06844922
0.20947702 -0.44460394 0.87088846 0.10868651
0.00000000 0.00000000 0.00000000 1.00000000
# frame 323
0.80492450 -0.42524428 -0.41384038 0.40763390
0.55307847 0.79030971 0.26365654 0.06746143
0.21494363 -0.44110981 0.87133310 0.11071658
0.00000000 0.00000000 0.00000000 1.00000000
# frame 324
0.80771651 -0.42302692 -0.41066078 0.40771125
0.55015055 0.79122078 0.26702817 0.06745003
0.21196323 -0.44160832 0.87181058 0.11215381
0.00000000 0.00000000 0.00000000 1.00000000
# frame 325
0.80953666 -0.42289892 -0.40719394 0.40759529
0.54961032 0.78973752 0.27247596 0.06663604
0.20634654 -0.44437727 0.87175108 0.11361937
0.00000000 0.00000000 0.00000000 1.00000000
# frame 326
0.81161898 -0.41618401 -0.40995794 0.40820294
0.54296925 0.79633662 0.26651901 0.06700064
0.21554356 -0.43890644 0.87229703 0.11415701
0.00000000 0.00000000 0.00000000 1.00000000
# frame 327
0.81671624 -0.40663775 -0.40941461 0.40876343
0.53174006 0.80591886 0.26028312 0.06793952
0.22411401 -0.43027960 0.87443260 0.11481036
0.00000000 0.00000000 0.00000000 1.00000000
# frame 328
0.81577877 -0.41156642 -0.40634725 0.40862156
0.53642261 0.80108571 0.26554185 0.06673956
0.21623086 -0.43459726 0.87428224 0.11619811
0.00000000 0.00000000 0.00000000 1.00000000
# frame 329
0.81620436 -0.40837894 -0.40870170 0.40859873
0.53364503 0.80397648 0.26238291 0.06610338
0.22143490 -0.43225971 0.87413851 0.11677926
0.00000000 0.00000000 0.00000000 1.00000000
# frame 330
0.81586915 -0.40590519 -0.41182339 0.40913351
0.53171069 0.80653170 0.25843831 0.06583055
0.22724716 -0.42982274 0.87384846 0.11717895
0.00000000 0.00000000 0.00000000 1.00000000
# frame 331
0.81686504 -0.40221003 -0.41347140 0.40928635
0.52781822 0.81032724 0.25451461 0.06659526
0.23267881 -0.42614183 0.87422178 0.11679137
0.00000000 0.00000000 0.00000000 1.00000000
# frame 332
0.81635632 -0.40263186 -0.41406516 0.40940090
0.52869586 0.80955175 0.25516005 0.06695939
0.23247161 -0.42721605 0.87375248 0.11707795
0.00000000 0.00000000 0.00000000 1.00000000
# frame 333
0.81600144 -0.40783516 -0.40964879 0.40964215
0.53327920 0.80459189 0.26123778 0.06689276
0.22305814 -0.43162759 0.87403815 0.11819277
0.00000000 0.00000000 0.00000000 1.00000000
# frame 334
0.81507478 -0.41068265 -0.40864760 0.40942993
0.53524746 0.80373379 0.25985026 0.06624115
0.22172789 -0.43052498 0.87491999 0.11959645
0.00000000 0.00000000 0.00000000 1.00000000
# frame 335
0.81592657 -0.41009728 -0.40753412 0.40920179
0.53375488 0.80520348 0.25836618 0.06643424
0.22219262 -0.42833116 0.87587834 0.11991118
0.00000000 0.00000000 0.00000000 1.00000000
# frame 336
0.81489433 -0.41301849 -0.40664845 0.40860447
0.53624643 0.80349876 0.25851403 0.06624295
0.21997045 -0.42872540 0.87624627 0.12074957
0.00000000 0.00000000 0.00000000 1.00000000
# frame 337
0.81618104 -0.41218985 -0.40490497 0.40831747
0.53503119 0.80373789 0.26028259 0.06577439
0.21815163 -0.42907450 0.87653006 0.12189281
0.00000000 0.00000000 0.00000000 1.00000000
# frame 338
0.81525815 -0.41412600 -0.40478860 0.40737125
0.53836956 0.79951361 0.26633851 0.06456869
0.21333629 -0.43506050 0.87476282 0.12377892
0.00000000 0.00000000 0.00000000 1.00000000
# frame 339
0.81440416 -0.41507361 -0.40553638 0.40712806
0.53799620 0.80199016 0.25956092 0.06411215
0.21749930 -0.42956452 0.87645215 0.12622122
0.00000000 0.00000000 0.00000000 1.00000000
# frame 340
0.81470985 -0.41640824 -0.40354929 0.40702363
0.53803105 0.80238889 0.25825308 0.06475284
0.21626476 -0.42752338 0.87775470 0.12613955
0.00000000 0.00000000 0.00000000 1.00000000
# frame 341
0.81389198 -0.41867341 -0.40285533 0.40706895
0.54059499 0.79977593 0.26098950 0.06425667
0.21292463 -0.43019883 0.87726397 0.12661735
0.00000000 0.00000000 0.00000000 1.00000000
# frame 342
0.81120994 -0.41974397 -0.40712828 0.40782441
0.54273821 0.79960622 0.25703138 0.06453149
0.21765493 -0.42947049 0.87645960 0.12649428
0.00000000 0.00000000 0.00000000 1.00000000
# frame 343
0.81227650 -0.41832673 -0.40645987 0.40930753
0.53936932 0.80396219 0.25045067 0.06531027
0.22200816 -0.42266718 0.87867220 0.12689469
0.00000000 0.00000000 0.00000000 1.00000000
# frame 344
0.81260691 -0.41810243 -0.40603001 0.40972489
0.53920142 0.80375450 0.25147669 0.06610052
0.22120544 -0.42328366 0.87857789 0.12748076
0.00000000 0.00000000 0.00000000 1.00000000
# frame 345
0.81241189 -0.41850378 -0.40600677 0.41021730
0.53995519 0.80278810 0.25294200 0.06560869
0.22008022 -0.42471856 0.87816789 0.12831719
0.00000000 0.00000000 0.00000000 1.00000000
# frame 346
0.81180110 -0.41888558 -0.40683393 0.41118141
0.54066853 0.80238269 0.25270451 0.06663572
0.22058222 -0.42510810 0.87785339 0.12827556
0.00000000 0.00000000 0.00000000 1.00000000
# frame 347
0.81193849 -0.41685457 -0.40864184 0.41121252
0.53955767 0.80309203 0.25282544 0.06670201
0.22278557 -0.42576455 0.87697841 0.12769205
0.00000000 0.00000000 0.00000000 1.00000000
# frame 348
0.81193561 -0.41482675 -0.41070589 0.41193926
0.53878713 0.80331076 0.25377203 0.06686965
0.22465303 -0.42732960 0.87573993 0.12748338
0.00000000 0.00000000 0.00000000 1.00000000
# frame 349
0.80930209 -0.41357324 -0.41711786 0.41204779
0.54104819 0.80132319 0.25524106 0.06720947
0.22868534 -0.43224799 0.87227558 0.12602064
0.00000000 0.00000000 0.00000000 1.00000000
# frame 350
0.80875461 -0.41192860 -0.41979854 0.41207198
0.54063319 0.80172834 0.25484783 0.06716280
0.23158528 -0.43306638 0.87110376 0.12595678
0.00000000 0.00000000 0.00000000 1.00000000
# frame 351
0.80780211 -0.41256878 -0.42100208 0.41173296
0.54148706 0.80159709 0.25344402 0.06721181
0.23291095 -0.43269979 0.87093248 0.12575087
0.00000000 0.00000000 0.00000000 1.00000000
# frame 352
0.80774854 -0.41164234 -0.42201051 0.41147175
0.54076914 0.80242814 0.25234462 0.06704288
0.23475738 -0.43204126 0.87076364 0.12554748
0.00000000 0.00000000 0.00000000 1.00000000
# frame 353
0.80676981 -0.41152266 -0.42399478 0.41131292
0.54158479 0.80193070 0.25217668 0.06682262
0.23623801 -0.43307766 0.86984789 0.12576051
0.00000000 0.00000000 0.00000000 1.00000000
# frame 354
0.80721606 -0.41065478 -0.42398688 0.41127204
0.54067734 0.80258987 0.25202681 0.06706985
0.23679156 -0.43268019 0.86989517 0.12607294
0.00000000 0.00000000 0.00000000 1.00000000
# frame 355
0.80639169 -0.41133310 -0.42489709 0.41137743
0.54186091 0.80172381 0.25224131 0.06673562
0.23689491 -0.43364042 0.86938874 0.12657047
0.00000000 0.00000000 0.00000000 1.00000000
# frame 356
0.80440619 -0.41449680 -0.42558558 0.41222690
0.54503789 0.79992622 0.25110107 0.06634932
0.23635647 -0.43394752 0.86938206 0.12733043
0.00000000 0.00000000 0.00000000 1.00000000
# frame 357
0.80545105 -0.41502302 -0.42308923 0.41320348
0.54337325 0.80215302 0.24758038 0.06644081
0.23663075 -0.42930925 0.87160740 0.12906676
0.00000000 0.00000000 0.00000000 1.00000000
# frame 358
0.80666217 -0.41411936 -0.42166492 0.41419829
0.54194011 0.80293466 0.24818712 0.06587505
0.23579029 -0.42872029 0.87212491 0.13021176
0.00000000 0.00000000 0.00000000 1.00000000
# frame 359
0.80719498 -0.41558880 -0.41919234 0.41597773
0.54116632 0.80463042 0.24435406 0.06424998
0.23574410 -0.42409415 0.87439629 0.13260479
0.00000000 0.00000000 0.00000000 1.00000000
# frame 360
0.80633169 -0.41511731 -0.42131558 0.41668872
0.54008926 0.80714305 0.23837721 0.06395490
0.24110744 -0.41975912 0.87502542 0.13313006
0.00000000 0.00000000 0.00000000 1.00000000
# frame 361
0.80490132 -0.41670773 -0.42247904 0.41698678
0.54257941 0.80510630 0.23960682 0.06284052
0.24029452 -0.42208827 0.87412816 0.13435235
0.00000000 0.00000000 0.00000000 1.00000000
# frame 362
0.80402873 -0.41692717 -0.42392160 0.41715903
0.54304594 0.80527528 0.23797654 0.06287634
0.24215470 -0.42154888 0.87387507 0.13482931
0.00000000 0.00000000 0.00000000 1.00000000
# frame 363
0.80377638 -0.41633185 -0.42498391 0.41747640
0.54220060 0.80664621 0.23524543 0.06316217
0.24487149 -0.41951125 0.87409854 0.13519318
0.00000000 0.00000000 0.00000000 1.00000000
# frame 364
0.80373575 -0.41640256 -0.42499148 0.41768645
0.54205846 0.80696676 0.23447232 0.06360911
0.24531912 -0.41882402 0.87430256 0.13527732
0.00000000 0.00000000 0.00000000 1.00000000
# frame 365
0.80307498 -0.41667892 -0.42596860 0.41812060
0.54306437 0.80602275 0.23538993 0.06380290
0.24525836 -0.42036413 0.87358018 0.13529301
0.00000000 0.00000000 0.00000000 1.00000000
# frame 366
0.80231495 -0.41615566 -0.42790791 0.41821567
0.54372966 0.80531292 0.23628193 0.06380711
0.24626971 -0.42223875 0.87239078 0.13502018
0.00000000 0.00000000 0.00000000 1.00000000
# frame 367
0.80089759 -0.41574842 -0.43094815 0.41845340
0.54506163 0.80414465 0.23719020 0.06391859
0.24793320 -0.42485836 0.87064602 0.13458613
0.00000000 0.00000000 0.00000000 1.00000000
# frame 368
0.80105998 -0.41155145 -0.43465885 0.41848999
0.54334836 0.80460833 0.23953706 0.06445536
0.25114831 -0.42805472 0.86815533 0.13234328
0.00000000 0.00000000 0.00000000 1.00000000
# frame 369
0.80090629 -0.40202001 -0.44376686 0.41962340
0.53890958 0.80698941 0.24154616 0.06677985
0.26100876 -0.43260605 0.86297534 0.12875686
0.00000000 0.00000000 0.00000000 1.00000000
# frame 370
0.80063262 -0.40102830 -0.44515583 0.42008360
0.53881859 0.80684713 0.24222352 0.06731573
0.26203422 -0.43379029 0.86206963 0.12832952
0.00000000 0.00000000 0.00000000 1.00000000
# frame 371
0.80033384 -0.40012603 -0.44650297 0.42016471
0.53836249 0.80737730 0.24146993 0.06731555
0.26387796 -0.43363701 0.86158422 0.12787079
0.00000000 0.00000000 0.00000000 1.00000000
# frame 372
0.79953506 -0.39962572 -0.44837815 0.42038062
0.53914719 0.80652670 0.24255924 0.06703853
0.26469604 -0.43567644 0.86030346 0.12759879
0.00000000 0.00000000 0.00000000 1.00000000
# frame 373
0.79716117 -0.39889880 -0.45322602 0.42032112
0.54110399 0.80502165 0.24320078 0.06616005
0.26784426 -0.43911263 0.85757773 0.12665786
0.00000000 0.00000000 0.00000000 1.00000000
# frame 374
0.79601926 -0.40001790 -0.45424554 0.42044592
0.54246142 0.80439764 0.24223965 0.06638801
0.26849384 -0.43923811 0.85731029 0.12621465
0.00000000 0.00000000 0.00000000 1.00000000
# frame 375
0.79565194 -0.39830189 -0.45639193 0.42086051
0.54110159 0.80600990 0.23991061 0.06633294
0.27229957 -0.43783975 0.85682513 0.12569752
0.00000000 0.00000000 0.00000000 1.00000000
# frame 376
0.79478924 -0.39790536 -0.45823727 0.42092334
0.54109444 0.80653530 0.23815460 0.06663854
0.27482154 -0.43723235 0.85632996 0.12526574
0.00000000 0.00000000 0.00000000 1.00000000
# frame 377
0.79378018 -0.39764705 -0.46020631 0.42060358
0.54216765 0.80552705 0.23912424 0.06667507
0.27562158 -0.43932106 0.85500278 0.12501281
0.00000000 0.00000000 0.00000000 1.00000000
# frame 378
0.79216283 -0.39976081 -0.46116086 0.42052597
0.54489357 0.80360935 0.23938047 0.06632607
0.27489825 -0.44091190 0.85441656 0.12505170
0.00000000 0.00000000 0.00000000 1.00000000
# frame 379
0.79038717 -0.40199708 -0.46226234 0.41926860
0.54646462 0.80371022 0.23542791 0.06500228
0.27688364 -0.43868921 0.85491943 0.12469107
0.00000000 0.00000000 0.00000000 1.00000000
# frame 380
0.78959389 -0.40217520 -0.46346154 0.41956072
0.54736403 0.80301524 0.23570989 0.06424695
0.27737001 -0.43979727 0.85419216 0.12554252
0.00000000 0.00000000 0.00000000 1.00000000
# frame 381
0.78989618 -0.40324164 -0.46201754 0.41943708
0.54761229 0.80291951 0.23545920 0.06402947
0.27601595 -0.43899480 0.85504313 0.12593937
0.00000000 0.00000000 0.00000000 1.00000000
# frame 382
0.79024656 -0.40418807 -0.46058917 0.41942690
0.54812857 0.80229297 0.23639173 0.06341194
0.27398073 -0.43926984 0.85555629 0.12637312
0.00000000 0.00000000 0.00000000 1.00000000
# frame 383
0.78995539 -0.40379604 -0.46143172 0.41989042
0.54715792 0.80387315 0.23325131 0.06433895
0.27674661 -0.43673415 0.85596413 0.12660471
0.00000000 0.00000000 0.00000000 1.00000000
# frame 384
0.78977095 -0.40404888 -0.46152611 0.42021763
0.54763482 0.80339488 0.23377934 0.06397830
0.27632943 -0.43737990 0.85576917 0.12698509
0.00000000 0.00000000 0.00000000 1.00000000
# frame 385
0.79018761 -0.40346160 -0.46132665 0.42016363
0.54664059 0.80433469 0.23287287 0.06385413
0.27710577 -0.43619313 0.85612379 0.12714112
0.00000000 0.00000000 0.00000000 1.00000000
# frame 386
0.79074468 -0.40205981 -0.46159588 0.42007383
0.54492837 0.80587201 0.23156719 0.06379017
0.27888334 -0.43464722 0.85633281 0.12697742
0.00000000 0.00000000 0.00000000 1.00000000
# frame 387
0.79037572 -0.40315434 -0.46127303 0.41961679
0.54522975 0.80623707 0.22957853 0.06454996
0.27933984 -0.43295307 0.85704194 0.12638657
0.00000000 0.00000000 0.00000000 1.00000000
# frame 388
0.78854543 -0.40397780 -0.46367881 0.41936455
0.54768055 0.80425359 0.23069934 0.06383816
0.27971793 -0.43586477 0.85544128 0.12567202
0.00000000 0.00000000 0.00000000 1.00000000
# frame 389
0.78828512 -0.40141155 -0.46634251 0.41997325
0.54587062 0.80598047 0.22895578 0.06449296
0.28395746 -0.43504511 0.85446119 0.12472563
0.00000000 0.00000000 0.00000000 1.00000000
# frame 390
0.78817346 -0.40050700 -0.46730797 0.42010857
0.54542120 0.80630795 0.22887377 0.06403197
0.28512859 -0.43527191 0.85395553 0.12489186
0.00000000 0.00000000 0.00000000 1.00000000
# frame 391
0.78851271 -0.39983313 -0.46731271 0.42009612
0.54513150 0.80616532 0.23006330 0.06422695
0.28474437 -0.43615471 0.85363324 0.12491719
0.00000000 0.00000000 0.00000000 1.00000000
# frame 392
0.78749238 -0.40045962 -0.46849529 0.42030453
0.54628300 0.80547754 0.22974077 0.06466828
0.28536053 -0.43685012 0.85307171 0.12476659
0.00000000 0.00000000 0.00000000 1.00000000
# frame 393
0.78612577 -0.40145917 -0.46993277 0.41999140
0.54836943 0.80379400 0.23066463 0.06408457
0.28512671 -0.43902817 0.85203112 0.12447767
0.00000000 0.00000000 0.00000000 1.00000000
# frame 394
0.78580395 -0.40088731 -0.47095808 0.41997259
0.54871407 0.80322542 0.23182277 0.06384079
0.28535069 -0.44058858 0.85115022 0.12431063
0.00000000 0.00000000 0.00000000 1.00000000
# frame 395
0.78622990 -0.39866591 -0.47213137 0.41999670
0.54717368 0.80418165 0.23214830 0.06327469
0.28712977 -0.44085980 0.85041115 0.12433058
0.00000000 0.00000000 0.00000000 1.00000000
# frame 396
0.78616368 -0.39821761 -0.47261973 0.41990095
0.54659160 0.80490236 0.23101907 0.06267222
0.28841687 -0.43994878 0.85044740 0.12463793
0.00000000 0.00000000 0.00000000 1.00000000
# frame 397
0.78703422 -0.39736913 -0.47188444 0.42056666
0.54470563 0.80670776 0.22916885 0.06173835
0.28960821 -0.43740184 0.85135581 0.12576209
0.00000000 0.00000000 0.00000000 1.00000000
# frame 398
0.78728650 -0.39580476 -0.47277749 0.42144662
0.54410931 0.80666197 0.23074125 0.06069069
0.29004314 -0.43890211 0.85043514 0.12698926
0.00000000 0.00000000 0.00000000 1.00000000
# frame 399
0.78664514 -0.39984838 -0.47043671 0.42141363
0.54542542 0.80710452 0.22603851 0.05853012
0.28931047 -0.43440023 0.85299232 0.12935923
0.00000000 0.00000000 0.00000000 1.00000000
# frame 400
0.78594744 -0.40023205 -0.47127585 0.42123272
0.54558174 0.80755277 0.22405152 0.05834069
0.29090752 -0.43321222 0.85305333 0.12928713
0.00000000 0.00000000 0.00000000 1.00000000
# frame 401
0.78659067 -0.39871168 -0.47149137 0.42109668
0.54372106 0.80913781 0.22285291 0.05891008
0.29264743 -0.43165381 0.85324819 0.12928664
0.00000000 0.00000000 0.00000000 1.00000000
# frame 402
0.78779287 -0.39887845 -0.46933823 0.42135788
0.54285556 0.80965361 0.22308936 0.05948122
0.29101586 -0.43053108 0.85437273 0.12979542
0.00000000 0.00000000 0.00000000 1.00000000
# frame 403
0.78838539 -0.39871096 -0.46848483 0.42134528
0.54179840 0.81071912 0.22178593 0.06006211
0.29138113 -0.42867712 0.85518008 0.13026740
0.00000000 0.00000000 0.00000000 1.00000000
# frame 404
0.78788868 -0.39781707 -0.47007766 0.42186180
0.54240941 0.80974122 0.22385527 0.06003563
0.29158781 -0.43134758 0.85376567 0.13096634
0.00000000 0.00000000 0.00000000 1.00000000
# frame 405
0.78851188 -0.39612280 -0.47046333 0.42223340
0.54150774 0.80982600 0.22572375 0.06058111
0.29157911 -0.43274539 0.85306099 0.13094753
0.00000000 0.00000000 0.00000000 1.00000000
# frame 406
0.78825432 -0.39500942 -0.47182909 0.42232677
0.54119435 0.80993977 0.22606692 0.06078205
0.29285458 -0.43354946 0.85221538 0.13065900
0.00000000 0.00000000 0.00000000 1.00000000
# frame 407
0.78750455 -0.39498401 -0.47310065 0.42240835
0.54208138 0.80914552 0.22678474 0.06037720
0.29323092 -0.43505306 0.85131925 0.13049215
0.00000000 0.00000000 0.00000000 1.00000000
# frame 408
0.78681085 -0.39431753 -0.47480772 0.42234092
0.54248047 0.80872720 0.22732193 0.06015550
0.29435290 -0.43643328 0.85022489 0.13052453
0.00000000 0.00000000 0.00000000 1.00000000
# frame 409
0.78602239 -0.39733229 -0.47359883 0.42196075
0.54414936 0.80824910 0.22502193 0.05994966
0.29337735 -0.43458078 0.85151000 0.13189911
0.00000000 0.00000000 0.00000000 1.00000000
# frame 410
0.78460215 -0.39833803 -0.47510660 0.42195726
0.54490149 0.80860062 0.22191758 0.06084875
0.29577328 -0.43300330 0.85148477 0.13157639
0.00000000 0.00000000 0.00000000 1.00000000
# frame 411
0.78304478 -0.40006352 -0.47622479 0.42164597
0.54699248 0.80740428 0.22112794 0.06053292
0.29604071 -0.43364445 0.85106544 0.13101169
0.00000000 0.00000000 0.00000000 1.00000000
# frame 412
0.78211316 -0.39725682 -0.48008960 0.42190000
0.54575628 0.80853189 0.22005967 0.06024035
0.30074755 -0.43412348 0.84916884 0.13054537
0.00000000 0.00000000 0.00000000 1.00000000
# frame 413
0.78127810 -0.39618070 -0.48233327 0.42197795
0.54503019 0.80962772 0.21781885 0.06119868
0.30421476 -0.43306329 0.84847485 0.12970994
0.00000000 0.00000000 0.00000000 1.00000000
# frame 414
0.77932769 -0.39618460 -0.48547514 0.42228089
0.54706087 0.80798924 0.21880995 0.06123693
0.30556956 -0.43610911 0.84642548 0.12965782
0.00000000 0.00000000 0.00000000 1.00000000
# frame 415
0.78033203 -0.39495999 -0.48485929 0.42225379
0.54573557 0.80868004 0.21956613 0.06107934
0.30537620 -0.43593945 0.84658265 0.12970061
0.00000000 0.00000000 0.00000000 1.00000000
# frame 416
0.78110574 -0.39406397 -0.48434225 0.42238300
0.54498528 0.80884302 0.22082574 0.06071358
0.30473738 -0.43644765 0.84655099 0.12998573
0.00000000 0.00000000 0.00000000 1.00000000
# frame 417
0.78175946 -0.39227388 -0.48474050 0.42292999
0.54404517 0.80894298 0.22276920 0.06064731
0.30474088 -0.43787265 0.84581353 0.13044159
0.00000000 0.00000000 0.00000000 1.00000000
# frame 418
0.78077455 -0.39135295 -0.48706670 0.42282049
0.54481840 0.80805878 0.22408462 0.05970348
0.30588235 -0.44032247 0.84412802 0.12995838
0.00000000 0.00000000 0.00000000 1.00000000
# frame 419
0.77791682 -0.39139527 -0.49158434 0.42271078
0.54685206 0.80703322 0.22282326 0.05887458
0.30951292 -0.44216187 0.84184003 0.12909353
0.00000000 0.00000000 0.00000000 1.00000000
# frame 420
0.77768766 -0.39130559 -0.49201813 0.42277169
0.54677431 0.80725145 0.22222276 0.05840203
0.31022534 -0.44184277 0.84174533 0.12936452
0.00000000 0.00000000 0.00000000 1.00000000
# frame 421
0.77711983 -0.39120945 -0.49299081 0.42278314
0.54744610 0.80661603 0.22287517 0.05797410
0.31046342 -0.44308661 0.84100340 0.12948029
0.00000000 0.00000000 0.00000000 1.00000000
# frame 422
0.77840539 -0.39008440 -0.49185284 0.42275150
0.54561213 0.80789147 0.22275272 0.05798279
0.31047135 -0.44175279 0.84170185 0.12960002
0.00000000 0.00000000 0.00000000 1.00000000
# frame 423
0.77790457 -0.39112045 -0.49182239 0.42297554
0.54705716 0.80662288 0.22380348 0.05789299
0.30918107 -0.44315271 0.84144087 0.12983891
0.00000000 0.00000000 0.00000000 1.00000000
# frame 424
0.77728465 -0.39058147 -0.49322883 0.42279652
0.54696631 0.80691014 0.22298852 0.05787767
0.31089616 -0.44310511 0.84083377 0.12939780
0.00000000 0.00000000 0.00000000 1.00000000
# frame 425
0.77692755 -0.38828436 -0.49559947 0.42271272
0.54622947 0.80714995 0.22392483 0.05747643
0.31307658 -0.44468440 0.83918939 0.12929005
0.00000000 0.00000000 0.00000000 1.00000000
# frame 426
0.77542893 -0.38492713 -0.50054080 0.42338005
0.54539252 0.80777344 0.22371649 0.05793505
0.31820901 -0.44646745 0.83630727 0.12848405
0.00000000 0.00000000 0.00000000 1.00000000
# frame 427
0.77521592 -0.38355713 -0.50192052 0.42430644
0.54447724 0.80857522 0.22304852 0.05777412
0.32028864 -0.44619507 0.83565851 0.12877523
0.00000000 0.00000000 0.00000000 1.00000000
# frame 428
0.77564159 -0.38094753 -0.50324856 0.42528551
0.54279422 0.80949149 0.22382575 0.05715319
0.32210956 -0.44676896 0.83465138 0.12923080
0.00000000 0.00000000 0.00000000 1.00000000
# frame 429
0.77593270 -0.38315177 -0.50112191 0.42582707
0.54393378 0.80870719 0.22389446 0.05557038
0.31947533 -0.44630417 0.83591154 0.13149398
0.00000000 0.00000000 0.00000000 1.00000000
# frame 430
0.77461426 -0.38519930 -0.50159172 0.42605699
0.54543569 0.80833972 0.22155543 0.05634258
0.32011351 -0.44520602 0.83625291 0.13143660
0.00000000 0.00000000 0.00000000 1.00000000
# frame 431
0.77420487 -0.38587730 -0.50170263 0.42573564
0.54573855 0.80846818 0.22033754 0.05669859
0.32058735 -0.44438487 0.83650812 0.13105073
0.00000000 0.00000000 0.00000000 1.00000000
# frame 432
0.77368218 -0.38578791 -0.50257693 0.42578909
0.54608718 0.80826364 0.22022415 0.05687445
0.32125484 -0.44483432 0.83601301 0.13085064
0.00000000 0.00000000 0.00000000 1.00000000
# frame 433
0.77268602 -0.38630382 -0.50371189 0.42591902
0.54710840 0.80767868 0.21983530 0.05726130
0.32191413 -0.44544866 0.83543209 0.13061493
0.00000000 0.00000000 0.00000000 1.00000000
# frame 434
0.77153505 -0.38692862 -0.50499496 0.42574838
0.54848007 0.80674643 0.21984043 0.05771212
0.32234033 -0.44659427 0.83465578 0.13066957
0.00000000 0.00000000 0.00000000 1.00000000
# frame 435
0.77087384 -0.38719784 -0.50579773 0.42610566
0.54906300 0.80645417 0.21945727 0.05821691
0.32292931 -0.44688869 0.83427043 0.13050742
0.00000000 0.00000000 0.00000000 1.00000000
# frame 436
0.77084273 -0.38549505 -0.50714401 0.42653708
0.54843785 0.80659807 0.22048917 0.05836081
0.32406390 -0.44809945 0.83318034 0.13070647
0.00000000 0.00000000 0.00000000 1.00000000
# frame 437
0.77168603 -0.38467134 -0.50648655 0.42675774
0.54715017 0.80751158 0.22034461 0.05805928
0.32423350 -0.44716106 0.83361839 0.13119058
0.00000000 0.00000000 0.00000000 1.00000000
# frame 438
0.77266570 -0.38318725 -0.50611782 0.42699480
0.54505687 0.80915843 0.21948950 0.05835059
0.32542392 -0.44545500 0.83406781 0.13182497
0.00000000 0.00000000 0.00000000 1.00000000
# frame 439
0.77218844 -0.38125716 -0.50829911 0.42637370
0.54505853 0.80860142 0.22152865 0.05741628
0.32655200 -0.44811463 0.83220014 0.13200944
0.00000000 0.00000000 0.00000000 1.00000000
# frame 440
0.77096059 -0.38305998 -0.50880725 0.42624952
0.54672917 0.80782424 0.22024353 0.05766461
0.32666035 -0.44797885 0.83223072 0.13190404
0.00000000 0.00000000 0.00000000 1.00000000
# frame 441
0.77005055 -0.38430004 -0.50925006 0.42597506
0.54764538 0.80764160 0.21863115 0.05744582
0.32727158 -0.44724548 0.83238500 0.13194952
0.00000000 0.00000000 0.00000000 1.00000000
# frame 442
0.76876147 -0.38548790 -0.51029882 0.42614213
0.54891498 0.80716893 0.21718810 0.05770588
0.32817397 -0.44707650 0.83212045 0.13235298
0.00000000 0.00000000 0.00000000 1.00000000
# frame 443
0.76858378 -0.38737504 -0.50913608 0.42605829
0.54985219 0.80679652 0.21619886 0.05834580
0.32701917 -0.44611653 0.83308973 0.13227613
0.00000000 0.00000000 0.00000000 1.00000000
# frame 444
0.76767948 -0.38720336 -0.51062880 0.42625016
0.55078180 0.80597864 0.21688210 0.05767239
0.32757843 -0.44774099 0.83199782 0.13270016
0.00000000 0.00000000 0.00000000 1.00000000
# frame 445
0.76760422 -0.38642868 -0.51132830 0.42638136
0.54980108 0.80702917 0.21545925 0.05751996
0.32939722 -0.44651628 0.83193791 0.13271640
0.00000000 0.00000000 0.00000000 1.00000000
# frame 446
0.76690804 -0.38543730 -0.51311807 0.42650898
0.55026897 0.80637457 0.21671204 0.05705513
0.33023646 -0.44855115 0.83050933 0.13296981
0.00000000 0.00000000 0.00000000 1.00000000
# frame 447
0.76696574 -0.38446718 -0.51375922 0.42673161
0.55018855 0.80603990 0.21815644 0.05708163
0.33023644 -0.44998295 0.82973444 0.13318428
0.00000000 0.00000000 0.00000000 1.00000000
# frame 448
0.76658624 -0.38434909 -0.51441357 0.42692611
0.55031455 0.80603739 0.21784772 0.05689534
0.33090700 -0.45008833 0.82941006 0.13374733
0.00000000 0.00000000 0.00000000 1.00000000
# frame 449
0.76703371 -0.38608975 -0.51243925 0.42610165
0.55030706 0.80652618 0.21605014 0.05631938
0.32988093 -0.44771668 0.83110068 0.13412628
0.00000000 0.00000000 0.00000000 1.00000000
# frame 450
0.76539779 -0.38725335 -0.51400492 0.42615788
0.55230224 0.80524050 0.21575441 0.05628784
0.33034596 -0.44902402 0.83021020 0.13415869
0.00000000 0.00000000 0.00000000 1.00000000
# frame 451
0.76542893 -0.38606894 -0.51484884 0.42611596
0.55167298 0.80558006 0.21609648 0.05623327
0.33132382 -0.44943469 0.82959808 0.13372195
0.00000000 0.00000000 0.00000000 1.00000000
# frame 452
0.76498594 -0.38489034 -0.51638739 0.42612001
0.55204006 0.80483851 0.21791452 0.05548287
0.33173527 -0.45176807 0.82816503 0.13361795
0.00000000 0.00000000 0.00000000 1.00000000
# frame 453
0.76495853 -0.38327784 -0.51762588 0.42603515
0.55134997 0.80511245 0.21864847 0.05498380
0.33294393 -0.45265003 0.82719786 0.13340194
0.00000000 0.00000000 0.00000000 1.00000000
# frame 454
0.76422636 -0.38337095 -0.51863743 0.42626327
0.55104065 0.80598551 0.21619797 0.05606201
0.33513023 -0.45101449 0.82720835 0.13310287
0.00000000 0.00000000 0.00000000 1.00000000
# frame 455
0.76393739 -0.38424479 -0.51841644 0.42646880
0.55290989 0.80398371 0.21886263 0.05589153
0.33270155 -0.45383492 0.82664596 0.13375326
0.00000000 0.00000000 0.00000000 1.00000000
# frame 456
0.76331965 -0.38519169 -0.51862363 0.42655883
0.55394338 0.80332803 0.21865681 0.05538604
0.33240012 -0.45419317 0.82657046 0.13400091
0.00000000 0.00000000 0.00000000 1.00000000
# frame 457
0.76331894 -0.38508602 -0.51870315 0.42671783
0.55417733 0.80296371 0.21940092 0.05595174
0.33201158 -0.45492640 0.82632335 0.13385970
0.00000000 0.00000000 0.00000000 1.00000000
# frame 458
0.76414706 -0.38246369 -0.51942352 0.42593718
0.55317036 0.80274630 0.22271265 0.05585811
0.33178580 -0.45751491 0.82498381 0.13309642
0.00000000 0.00000000 0.00000000 1.00000000
# frame 459
0.76572419 -0.37086427 -0.52547707 0.42616970
0.54882298 0.80275661 0.23318484 0.05654082
0.33535027 -0.46694916 0.81822899 0.13170925
0.00000000 0.00000000 0.00000000 1.00000000
# frame 460
0.76657244 -0.36813606 -0.52615828 0.42654317
0.54684253 0.80377297 0.23433367 0.05635848
0.33664512 -0.46735946 0.81746266 0.13176836
0.00000000 0.00000000 0.00000000 1.00000000
# frame 461
0.76764252 -0.36581480 -0.52621716 0.42649997
0.54543472 0.80402559 0.23673575 0.05595399
0.33649062 -0.46874553 0.81673232 0.13198572
0.00000000 0.00000000 0.00000000 1.00000000
# frame 462
0.76783096 -0.36494186 -0.52654825 0.42674195
0.54488187 0.80428436 0.23712953 0.05631370
0.33695603 -0.46898199 0.81640463 0.13197701
0.00000000 0.00000000 0.00000000 1.00000000
# frame 463
0.76790131 -0.36515703 -0.52629641 0.42715212
0.54529165 0.80376571 0.23794476 0.05622976
0.33613180 -0.46970313 0.81632982 0.13250807
0.00000000 0.00000000 0.00000000 1.00000000
# frame 464
0.76877757 -0.36457403 -0.52542061 0.42673703
0.54446542 0.80410162 0.23870063 0.05562697
0.33546751 -0.46958105 0.81667324 0.13270567
0.00000000 0.00000000 0.00000000 1.00000000
# frame 465
0.76820344 -0.36499688 -0.52596649 0.42651382
0.54474426 0.80426688 0.23750469 0.05607665
0.33632896 -0.46896915 0.81667054 0.13239623
0.00000000 0.00000000 0.00000000 1.00000000
# frame 466
0.76686675 -0.36461499 -0.52817733 0.42656124
0.54603592 0.80313391 0.23837093 0.05551392
0.33728351 -0.47120254 0.81498957 0.13247050
0.00000000 0.00000000 0.00000000 1.00000000
# frame 467
0.76546242 -0.36380239 -0.53076841 0.42630663
0.54643084 0.80309775 0.23758648 0.05493586
0.33982439 -0.47189175 0.81353400 0.13234399
0.00000000 0.00000000 0.00000000 1.00000000
# frame 468
0.76551624 -0.36244870 -0.53161625 0.42660609
0.54561635 0.80358793 0.23780081 0.05441289
0.34100981 -0.47209890 0.81291755 0.13273587
0.00000000 0.00000000 0.00000000 1.00000000
# frame 469
0.76591430 -0.36329191 -0.53046609 0.42714580
0.54516608 0.80434102 0.23628260 0.05503740
0.34083608 -0.47016434 0.81411072 0.13330794
0.00000000 0.00000000 0.00000000 1.00000000
# frame 470
0.76734775 -0.36270341 -0.52879454 0.42685939
0.54258215 0.80675216 0.23399905 0.05552642
0.34173389 -0.46647313 0.81585585 0.13313984
0.00000000 0.00000000 0.00000000 1.00000000
# frame 471
0.76713412 -0.36382810 -0.52833168 0.42622351
0.54336300 0.80631196 0.23370423 0.05542068
0.34097199 -0.46635837 0.81624014 0.13285272
0.00000000 0.00000000 0.00000000 1.00000000
# frame 472
0.76688763 -0.36338838 -0.52899173 0.42636283
0.54339535 0.80622233 0.23393814 0.05553487
0.34147454 -0.46685591 0.81574548 0.13254615
0.00000000 0.00000000 0.00000000 1.00000000
# frame 473
0.76502056 -0.36351790 -0.53159974 0.42704697
0.54489480 0.80535530 0.23343627 0.05580984
0.34326840 -0.46824948 0.81419238 0.13226662
0.00000000 0.00000000 0.00000000 1.00000000
# frame 474
0.76522618 -0.36325000 -0.53148690 0.42711047
0.54353215 0.80696545 0.23104019 0.05635864
0.34496622 -0.46567822 0.81494914 0.13271813
0.00000000 0.00000000 0.00000000 1.00000000
# frame 475
0.76558681 -0.36474633 -0.52994052 0.42710978
0.54449474 0.80610057 0.23179161 0.05604639
0.34264022 -0.46600642 0.81574242 0.13389382
0.00000000 0.00000000 0.00000000 1.00000000
# frame 476
0.76589855 -0.36671268 -0.52812993 0.42745525
0.54535706 0.80559999 0.23150450 0.05556024
0.34056583 -0.46532835 0.81699721 0.13551812
0.00000000 0.00000000 0.00000000 1.00000000
# frame 477
0.76604389 -0.37063897 -0.52516998 0.42678145
0.54719485 0.80471491 0.23024272 0.05397319
0.33727519 -0.46374634 0.81925868 0.13719879
0.00000000 0.00000000 0.00000000 1.00000000
# frame 478
0.76505119 -0.37199387 -0.52565886 0.42666232
0.54813439 0.80461149 0.22836165 0.05354591
0.33800202 -0.46284005 0.81947161 0.13770321
0.00000000 0.00000000 0.00000000 1.00000000
# frame 479
0.76182021 -0.37375984 -0.52908747 0.42605427
0.55070483 0.80376065 0.22515108 0.05296940
0.34110726 -0.46289567 0.81815245 0.13767074
0.00000000 0.00000000 0.00000000 1.00000000
# frame 480
0.76057004 -0.37529254 -0.52980065 0.42586202
0.55204231 0.80331530 0.22345877 0.05295220
0.34173456 -0.46242842 0.81815491 0.13769160
0.00000000 0.00000000 0.00000000 1.00000000
# frame 481
0.75963440 -0.37426465 -0.53186610 0.42685729
0.55197527 0.80350452 0.22294346 0.05268828
0.34391696 -0.46293245 0.81695451 0.13838451
0.00000000 0.00000000 0.00000000 1.00000000
# frame 482
0.76047107 -0.37472956 -0.53034095 0.42707655
0.55148742 0.80388378 0.22278350 0.05274583
0.34284892 -0.46189677 0.81798899 0.13856413
0.00000000 0.00000000 0.00000000 1.00000000
# frame 483
0.76100133 -0.37445760 -0.52977211 0.42741108
0.55088350 0.80428268 0.22283791 0.05277540
0.34264319 -0.46142266 0.81834270 0.13917040
0.00000000 0.00000000 0.00000000 1.00000000
# frame 484
0.76184178 -0.37454542 -0.52850055 0.42758870
0.55104274 0.80362366 0.22481306 0.05199989
0.34051284 -0.46249838 0.81862461 0.13943112
0.00000000 0.00000000 0.00000000 1.00000000
# frame 485
0.76333377 -0.37162502 -0.52840931 0.42764938
0.54833015 0.80519336 0.22582669 0.05267120
0.34154882 -0.46212389 0.81840449 0.13890620
0.00000000 0.00000000 0.00000000 1.00000000
# frame 486
0.76189864 -0.37128722 -0.53071298 0.42791324
0.54906771 0.80487876 0.22515512 0.05323570
0.34356238 -0.46294274 0.81709786 0.13884999
0.00000000 0.00000000 0.00000000 1.00000000
# frame 487
0.76076822 -0.37006896 -0.53317979 0.42782058
0.54990158 0.80388408 0.22666858 0.05304823
0.34473174 -0.46563866 0.81507096 0.13903368
0.00000000 0.00000000 0.00000000 1.00000000
# frame 488
0.75953662 -0.37150952 -0.53393333 0.42730136
0.55177585 0.80266784 0.22642382 0.05198607
0.34445250 -0.46658870 0.81464560 0.13953388
0.00000000 0.00000000 0.00000000 1.00000000
