# frame 0
1.00000000 0.00000000 0.00000000 0.00000000
0.00000000 1.00000000 0.00000000 0.00000000
0.00000000 0.00000000 1.00000000 0.00000000
0.00000000 0.00000000 0.00000000 1.00000000
# frame 1
0.00484354 0.96603317 -0.25837270 -1.66393213
-0.94481770 -0.08021382 -0.31762439 -0.08195019
-0.32756076 0.24565353 0.91233672 -0.63801351
0.00000000 0.00000000 0.00000000 1.00000000
# frame 2
0.00860690 0.96716715 -0.25399533 -1.66543437
-0.94401681 -0.07591120 -0.32104479 -0.08102900
-0.32978506 0.24253906 0.91236869 -0.63772230
0.00000000 0.00000000 0.00000000 1.00000000
# frame 3
0.00504487 0.96739090 -0.25323782 -1.66506129
-0.94599193 -0.07747246 -0.31479721 -0.08204342
-0.32415091 0.24114905 0.91475315 -0.63785947
0.00000000 0.00000000 0.00000000 1.00000000
# frame 4
0.00546587 0.96717892 -0.25403750 -1.66569084
-0.94534909 -0.07782458 -0.31663612 -0.08201203
-0.32601414 0.24188481 0.91389634 -0.63744549
0.00000000 0.00000000 0.00000000 1.00000000
# frame 5
0.00659815 0.96663697 -0.25606530 -1.66536799
-0.94528499 -0.07749746 -0.31690760 -0.08246316
-0.32617901 0.24414569 0.91323608 -0.63727072
0.00000000 0.00000000 0.00000000 1.00000000
# frame 6
0.00719482 0.96747446 -0.25286638 -1.66595816
-0.94495219 -0.07614633 -0.31822492 -0.08253373
-0.32712933 0.24123620 0.91366925 -0.63744154
0.00000000 0.00000000 0.00000000 1.00000000
# frame 7
0.00851394 0.96762415 -0.25225188 -1.66642187
-0.94620469 -0.07380278 -0.31503941 -0.08370800
-0.32345663 0.24136414 0.91494216 -0.63760978
0.00000000 0.00000000 0.00000000 1.00000000
# frame 8
0.00886026 0.96695376 -0.25479779 -1.66608263
-0.94587936 -0.07455784 -0.31583757 -0.08387999
-0.32439750 0.24380638 0.91396100 -0.63677579
0.00000000 0.00000000 0.00000000 1.00000000
# frame 9
0.00801088 0.96643387 -0.25679057 -1.66545630
-0.94658806 -0.07545176 -0.31349333 -0.08414148
-0.32234587 0.24558625 0.91421033 -0.63663684
0.00000000 0.00000000 0.00000000 1.00000000
# frame 10
0.00792495 0.96708553 -0.25432810 -1.66613154
-0.94609146 -0.07510588 -0.31507152 -0.08384199
-0.32380265 0.24311457 0.91435614 -0.63699642
0.00000000 0.00000000 0.00000000 1.00000000
# frame 11
0.00780051 0.96831451 -0.24961203 -1.66656598
-0.94573562 -0.07394587 -0.31641135 -0.08378230
-0.32484348 0.23853516 0.91519271 -0.63699093
0.00000000 0.00000000 0.00000000 1.00000000
# frame 12
0.00652896 0.96896874 -0.24709706 -1.66710237
-0.94563248 -0.07436972 -0.31662022 -0.08350776
-0.32517164 0.23573021 0.91580275 -0.63677994
0.00000000 0.00000000 0.00000000 1.00000000
# frame 13
0.00298827 0.96901056 -0.24700122 -1.66864246
-0.94529232 -0.07783791 -0.31680227 -0.08234455
-0.32621081 0.23443505 0.91576564 -0.63465376
0.00000000 0.00000000 0.00000000 1.00000000
# frame 14
0.00600866 0.96593573 -0.25871232 -1.66876984
-0.94742444 -0.07727203 -0.31050921 -0.08276923
-0.31992317 0.24697612 0.91468681 -0.63535527
0.00000000 0.00000000 0.00000000 1.00000000
# frame 15
0.00693223 0.96294916 -0.26959390 -1.66708087
-0.94730191 -0.08002231 -0.31018628 -0.08321841
-0.32026714 0.25753709 0.91164884 -0.63558983
0.00000000 0.00000000 0.00000000 1.00000000
# frame 16
0.00862007 0.96379817 -0.26649348 -1.66823749
-0.94679664 -0.07787527 -0.31226841 -0.08291043
-0.32171697 0.25500691 0.91184958 -0.63542467
0.00000000 0.00000000 0.00000000 1.00000000
# frame 17
0.00705017 0.96298592 -0.26945947 -1.66790481
-0.94726099 -0.07990373 -0.31034175 -0.08306096
-0.32038556 0.25743640 0.91163567 -0.63628679
0.00000000 0.00000000 0.00000000 1.00000000
# frame 18
0.00631212 0.96337981 -0.26806621 -1.66786340
-0.94620951 -0.08096689 -0.31326014 -0.08199225
-0.32349299 0.25562414 0.91104807 -0.63649613
0.00000000 0.00000000 0.00000000 1.00000000
# frame 19
0.00571237 0.96414508 -0.26531423 -1.66840914
-0.94684289 -0.08012499 -0.31155824 -0.08253892
-0.32164564 0.25299063 0.91243620 -0.63691932
0.00000000 0.00000000 0.00000000 1.00000000
# frame 20
0.00273954 0.96534308 -0.26096979 -1.66597565
-0.94587824 -0.08218650 -0.31394225 -0.08261794
-0.32451017 0.24770570 0.91287186 -0.63627059
0.00000000 0.00000000 0.00000000 1.00000000
# frame 21
0.00018439 0.96710412 -0.25438078 -1.66667509
-0.94613624 -0.08219183 -0.31316245 -0.08317585
-0.32376872 0.24073662 0.91499710 -0.63588337
0.00000000 0.00000000 0.00000000 1.00000000
# frame 22
-0.00037508 0.96769847 -0.25211016 -1.66654295
-0.94523817 -0.08262711 -0.31574921 -0.08215988
-0.32638116 0.23818571 0.91473652 -0.63627563
0.00000000 0.00000000 0.00000000 1.00000000
# frame 23
-0.00180048 0.96985017 -0.24369531 -1.66660851
-0.94507610 -0.08130125 -0.31657745 -0.08258079
-0.32684543 0.22974062 0.91672859 -0.63629771
0.00000000 0.00000000 0.00000000 1.00000000
# frame 24
0.00027247 0.96929676 -0.24589370 -1.66627665
-0.94468209 -0.08040052 -0.31798035 -0.08255695
-0.32798731 0.23237802 0.91565538 -0.63578045
0.00000000 0.00000000 0.00000000 1.00000000
# frame 25
0.00105314 0.96895361 -0.24724035 -1.66678306
-0.94436161 -0.08035559 -0.31894220 -0.08270218
-0.32890734 0.23382019 0.91495797 -0.63562074
0.00000000 0.00000000 0.00000000 1.00000000
# frame 26
0.00466927 0.96811624 -0.25045787 -1.66765378
-0.94493811 -0.07768397 -0.31789491 -0.08274053
-0.32721579 0.23815152 0.91444720 -0.63696737
0.00000000 0.00000000 0.00000000 1.00000000
# frame 27
0.00514161 0.96738429 -0.25326113 -1.66755035
-0.94505384 -0.07808600 -0.31745208 -0.08281789
-0.32687430 0.24097762 0.91382874 -0.63680183
0.00000000 0.00000000 0.00000000 1.00000000
# frame 28
0.00500532 0.96762832 -0.25232991 -1.66828475
-0.94597165 -0.07722838 -0.31491811 -0.08328015
-0.32421071 0.24027321 0.91496240 -0.63774066
0.00000000 0.00000000 0.00000000 1.00000000
# frame 29
0.00504057 0.96700090 -0.25472308 -1.66797234
-0.94649651 -0.07758122 -0.31324993 -0.08322676
-0.32267469 0.24267347 0.91487192 -0.63755876
0.00000000 0.00000000 0.00000000 1.00000000
# frame 30
0.00388593 0.96739900 -0.25322733 -1.66831456
-0.94702897 -0.07775859 -0.31159224 -0.08352291
-0.32112462 0.24102444 0.91585272 -0.63757518
0.00000000 0.00000000 0.00000000 1.00000000
# frame 31
0.00181749 0.96724135 -0.25385204 -1.66831789
-0.94705431 -0.07983922 -0.31098848 -0.08318398
-0.32106827 0.24097689 0.91588498 -0.63773405
0.00000000 0.00000000 0.00000000 1.00000000
# frame 32
0.00156747 0.96750789 -0.25283598 -1.66815579
-0.94657109 -0.08010212 -0.31238890 -0.08271685
-0.32249143 0.23981689 0.91568943 -0.63788602
0.00000000 0.00000000 0.00000000 1.00000000
# frame 33
0.00328696 0.96663259 -0.25614573 -1.66841112
-0.94581337 -0.08016476 -0.31465961 -0.08221788
-0.32469410 0.24330033 0.91399053 -0.63948992
0.00000000 0.00000000 0.00000000 1.00000000
# frame 34
0.00329257 0.96569779 -0.25964771 -1.66786990
-0.94531186 -0.08167957 -0.31577513 -0.08213863
-0.32615126 0.24648777 0.91261664 -0.63931663
0.00000000 0.00000000 0.00000000 1.00000000
# frame 35
0.00349512 0.96532451 -0.26102947 -1.66727502
-0.94460396 -0.08248222 -0.31767915 -0.08180128
-0.32819376 0.24767979 0.91156106 -0.63922526
0.00000000 0.00000000 0.00000000 1.00000000
# frame 36
0.00351991 0.96489475 -0.26261328 -1.66723089
-0.94478731 -0.08284147 -0.31703981 -0.08163435
-0.32766531 0.24922964 0.91132872 -0.63963303
0.00000000 0.00000000 0.00000000 1.00000000
# frame 37
0.00338758 0.96434224 -0.26463667 -1.66698936
-0.94549761 -0.08308093 -0.31485207 -0.08163730
-0.32561142 0.25127993 0.91150184 -0.63991817
0.00000000 0.00000000 0.00000000 1.00000000
# frame 38
0.00259790 0.96480101 -0.26296816 -1.66736175
-0.94580570 -0.08302167 -0.31394105 -0.08179608
-0.32472270 0.24953238 0.91229862 -0.63964369
0.00000000 0.00000000 0.00000000 1.00000000
# frame 39
0.00264186 0.96514345 -0.26170814 -1.66719086
-0.94638435 -0.08212762 -0.31242875 -0.08121577
-0.32303202 0.24850188 0.91317968 -0.63917926
0.00000000 0.00000000 0.00000000 1.00000000
# frame 40
0.00386403 0.96545767 -0.26053131 -1.66707171
-0.94564530 -0.08119220 -0.31490123 -0.08040655
-0.32517692 0.24758700 0.91266678 -0.63869921
0.00000000 0.00000000 0.00000000 1.00000000
# frame 41
0.00522039 0.96509665 -0.26184194 -1.66639715
-0.94565050 -0.08037387 -0.31509550 -0.08003509
-0.32514286 0.24925589 0.91222455 -0.63861362
0.00000000 0.00000000 0.00000000 1.00000000
# frame 42
0.00499985 0.96548532 -0.26040946 -1.66583828
-0.94513150 -0.08050284 -0.31661606 -0.07912476
-0.32665186 0.24770422 0.91210810 -0.63835153
0.00000000 0.00000000 0.00000000 1.00000000
# frame 43
0.00134860 0.96618925 -0.25783038 -1.66569362
-0.94454922 -0.08343241 -0.31759376 -0.07843519
-0.32836709 0.24396179 0.91250079 -0.63864421
0.00000000 0.00000000 0.00000000 1.00000000
# frame 44
0.00014396 0.96676767 -0.25565650 -1.66562466
-0.94440995 -0.08392080 -0.31787914 -0.07812353
-0.32877018 0.24149030 0.91301293 -0.63894940
0.00000000 0.00000000 0.00000000 1.00000000
# frame 45
0.00008858 0.96756252 -0.25263166 -1.66618987
-0.94344042 -0.08367718 -0.32080883 -0.07770849
-0.33154211 0.23837133 0.91283018 -0.63875939
0.00000000 0.00000000 0.00000000 1.00000000
# frame 46
-0.00016568 0.96661165 -0.25624577 -1.66491323
-0.94369563 -0.08492107 -0.31972952 -0.07748034
-0.33081494 0.24176504 0.91220126 -0.63873658
0.00000000 0.00000000 0.00000000 1.00000000
# frame 47
-0.00014837 0.96649685 -0.25667843 -1.66361254
-0.94301115 -0.08554783 -0.32157666 -0.07682352
-0.33276111 0.24200291 0.91143000 -0.63820049
0.00000000 0.00000000 0.00000000 1.00000000
# frame 48
0.00066101 0.96731181 -0.25358909 -1.66434053
-0.94179743 -0.08464949 -0.32534913 -0.07574815
-0.33618024 0.23904461 0.91095583 -0.63762851
0.00000000 0.00000000 0.00000000 1.00000000
# frame 49
0.00430105 0.96734520 -0.25342605 -1.66436311
-0.94219434 -0.08098909 -0.32513165 -0.07595384
-0.33503929 0.24017500 0.91107883 -0.63797068
0.00000000 0.00000000 0.00000000 1.00000000
# frame 50
0.00350083 0.96685161 -0.25531492 -1.66420374
-0.94261834 -0.08204832 -0.32363365 -0.07671346
-0.33385388 0.24179752 0.91108482 -0.63803114
0.00000000 0.00000000 0.00000000 1.00000000
# frame 51
0.00421621 0.96641039 -0.25696924 -1.66387202
-0.94231577 -0.08216918 -0.32448300 -0.07724518
-0.33469869 0.24351426 0.91031730 -0.63778087
0.00000000 0.00000000 0.00000000 1.00000000
# frame 52
0.00639960 0.96555395 -0.26012424 -1.66282779
-0.94206919 -0.08141677 -0.32538739 -0.07699235
-0.33535756 0.24713738 0.90909759 -0.63810693
0.00000000 0.00000000 0.00000000 1.00000000
# frame 53
0.01273197 0.96525720 -0.26099124 -1.66231364
-0.94192390 -0.07602116 -0.32710877 -0.07739751
-0.33558495 0.24999863 0.90823093 -0.63986648
0.00000000 0.00000000 0.00000000 1.00000000
# frame 54
0.01409881 0.96457502 -0.26343168 -1.66150959
-0.94158277 -0.07585134 -0.32812873 -0.07738345
-0.33648643 0.25266896 0.90715780 -0.64012627
0.00000000 0.00000000 0.00000000 1.00000000
# frame 55
0.01469316 0.96510124 -0.26146455 -1.66184354
-0.94074917 -0.07525626 -0.33064709 -0.07638782
-0.33878476 0.25083081 0.90681243 -0.64027564
0.00000000 0.00000000 0.00000000 1.00000000
# frame 56
0.01408675 0.96569345 -0.25930238 -1.66220558
-0.93993327 -0.07566826 -0.33286599 -0.07547283
-0.34106746 0.24841593 0.90662148 -0.64067525
0.00000000 0.00000000 0.00000000 1.00000000
# frame 57
0.01363984 0.96660891 -0.25589290 -1.66297728
-0.94039494 -0.07457049 -0.33180807 -0.07554335
-0.33981069 0.24516620 0.90797700 -0.64151699
0.00000000 0.00000000 0.00000000 1.00000000
# frame 58
0.01484261 0.96600007 -0.25811540 -1.66205248
-0.94008229 -0.07445794 -0.33271806 -0.07548383
-0.34062441 0.24758812 0.90701441 -0.64150786
0.00000000 0.00000000 0.00000000 1.00000000
# frame 59
0.01658874 0.96637175 -0.25661342 -1.66226159
-0.93998728 -0.07240649 -0.33343848 -0.07585815
-0.34080600 0.24674468 0.90717602 -0.64191953
0.00000000 0.00000000 0.00000000 1.00000000
# frame 60
0.01824779 0.96600387 -0.25788281 -1.66293661
-0.93832797 -0.07252163 -0.33805507 -0.07433716
-0.34526458 0.24814741 0.90510509 -0.64326551
0.00000000 0.00000000 0.00000000 1.00000000
# frame 61
0.01812410 0.96532175 -0.26043318 -1.66257708
-0.93760706 -0.07404899 -0.33972010 -0.07397144
-0.34722402 0.25034111 0.90375042 -0.64377638
0.00000000 0.00000000 0.00000000 1.00000000
# frame 62
0.01924171 0.96467386 -0.26274340 -1.66219836
-0.93718629 -0.07414447 -0.34085840 -0.07413312
-0.34829816 0.25279821 0.90265246 -0.64388198
0.00000000 0.00000000 0.00000000 1.00000000
# frame 63
0.02867590 0.96512049 -0.26023091 -1.66011647
-0.93150585 -0.06863458 -0.35719202 -0.07079604
-0.36259418 0.25264942 0.89704723 -0.64546685
0.00000000 0.00000000 0.00000000 1.00000000
# frame 64
0.02920788 0.96448075 -0.26253341 -1.65988148
-0.93063315 -0.06961156 -0.35927172 -0.07055449
-0.36478601 0.25481586 0.89554455 -0.64509880
0.00000000 0.00000000 0.00000000 1.00000000
# frame 65
0.03007330 0.96384147 -0.26477388 -1.65962417
-0.92949554 -0.07045374 -0.36204186 -0.06968370
-0.36760527 0.25699394 0.89376758 -0.64572483
0.00000000 0.00000000 0.00000000 1.00000000
# frame 66
0.03049850 0.96263924 -0.26906417 -1.65829700
-0.92808802 -0.07267216 -0.36520048 -0.06925536
-0.37110979 0.26085330 0.89119755 -0.64541569
0.00000000 0.00000000 0.00000000 1.00000000
# frame 67
0.03450280 0.96227182 -0.26989349 -1.65859688
-0.92493957 -0.07154303 -0.37332077 -0.06792994
-0.37854505 0.26251578 0.88757485 -0.64611779
0.00000000 0.00000000 0.00000000 1.00000000
# frame 68
0.03883521 0.96107822 -0.27353331 -1.65725337
-0.92369646 -0.06988736 -0.37669696 -0.06755021
-0.38115177 0.26729086 0.88503047 -0.64650437
0.00000000 0.00000000 0.00000000 1.00000000
# frame 69
0.03923303 0.96145611 -0.27214505 -1.65713575
-0.92262380 -0.06972738 -0.37934603 -0.06682779
-0.38370051 0.26597039 0.88432667 -0.64691580
0.00000000 0.00000000 0.00000000 1.00000000
# frame 70
0.04095322 0.96105797 -0.27329548 -1.65753122
-0.92083441 -0.06985785 -0.38364549 -0.06601102
-0.38779739 0.26737140 0.88211434 -0.64687172
0.00000000 0.00000000 0.00000000 1.00000000
# frame 71
0.04690410 0.95925555 -0.27861945 -1.65727737
-0.91540499 -0.07035780 -0.39633760 -0.06405150
-0.39979209 0.27363949 0.87480724 -0.64714832
0.00000000 0.00000000 0.00000000 1.00000000
# frame 72
0.04767777 0.95857538 -0.28082035 -1.65699815
-0.91353014 -0.07185473 -0.40037431 -0.06324850
-0.40396723 0.27562681 0.87226162 -0.64679036
0.00000000 0.00000000 0.00000000 1.00000000
# frame 73
0.06955688 0.95657955 -0.28305017 -1.65628539
-0.90263302 -0.06046083 -0.42614331 -0.05738580
-0.42475342 0.28513162 0.85923483 -0.64650078
0.00000000 0.00000000 0.00000000 1.00000000
# frame 74
0.07696254 0.95703225 -0.27958192 -1.65628912
-0.89989617 -0.05405091 -0.43274170 -0.05602721
-0.42925942 0.28489960 0.85706976 -0.64635619
0.00000000 0.00000000 0.00000000 1.00000000
# frame 75
0.08259096 0.95762309 -0.27592890 -1.65658005
-0.89761666 -0.04880848 -0.43806627 -0.05523297
-0.43297005 0.28385869 0.85554730 -0.64595186
0.00000000 0.00000000 0.00000000 1.00000000
# frame 76
0.08842194 0.95714065 -0.27579584 -1.65661681
-0.89623949 -0.04437585 -0.44134517 -0.05510053
-0.43466807 0.28620372 0.85390345 -0.64599634
0.00000000 0.00000000 0.00000000 1.00000000
# frame 77
0.09657185 0.95684523 -0.27408224 -1.65662990
-0.89190029 -0.03903833 -0.45054398 -0.05376969
-0.44180057 0.28796390 0.84964054 -0.64586805
0.00000000 0.00000000 0.00000000 1.00000000
# frame 78
0.10583853 0.95803519 -0.26639589 -1.65639945
-0.88618334 -0.03065409 -0.46231960 -0.05209221
-0.45108457 0.28500683 0.84575045 -0.64553265
0.00000000 0.00000000 0.00000000 1.00000000
# frame 79
0.11064796 0.95882681 -0.26154956 -1.65689286
-0.88311158 -0.02587344 -0.46844905 -0.05113452
-0.45592869 0.28281037 0.84388822 -0.64546678
0.00000000 0.00000000 0.00000000 1.00000000
# frame 80
0.11834089 0.95905607 -0.25730700 -1.65756457
-0.87995791 -0.01877225 -0.47468060 -0.05035332
-0.46007554 0.28259345 0.84170745 -0.64564169
0.00000000 0.00000000 0.00000000 1.00000000
# frame 81
0.12717642 0.95864355 -0.25461482 -1.65769760
-0.87607413 -0.01180470 -0.48203191 -0.04946160
-0.46510244 0.28436455 0.83834153 -0.64596992
0.00000000 0.00000000 0.00000000 1.00000000
# frame 82
0.15369985 0.95768173 -0.24335585 -1.65793459
-0.86421259 0.01087952 -0.50300918 -0.04780481
-0.47907510 0.28762362 0.82931279 -0.64595873
0.00000000 0.00000000 0.00000000 1.00000000
# frame 83
0.18941863 0.95568598 -0.22535501 -1.66030835
-0.83855872 0.03804856 -0.54348099 -0.04163847
-0.51082273 0.29191884 0.80860592 -0.64485841
0.00000000 0.00000000 0.00000000 1.00000000
# frame 84
0.19899253 0.95355811 -0.22611699 -1.65973716
-0.82899620 0.04073487 -0.55776874 -0.03908897
-0.52265406 0.29844194 0.79860199 -0.64451935
0.00000000 0.00000000 0.00000000 1.00000000
# frame 85
0.20332386 0.95321769 -0.22368602 -1.65908688
-0.82489246 0.04369541 -0.56359838 -0.03757410
-0.52745790 0.29910992 0.79518641 -0.64443631
0.00000000 0.00000000 0.00000000 1.00000000
# frame 86
0.20647159 0.95384190 -0.21807135 -1.66007297
-0.82095505 0.04761844 -0.56900377 -0.03656900
-0.53235542 0.29650989 0.79289318 -0.64434833
0.00000000 0.00000000 0.00000000 1.00000000
# frame 87
0.21197136 0.95323151 -0.21544799 -1.65953985
-0.81656322 0.05163265 -0.57494224 -0.03539800
-0.53692891 0.29779819 0.78931843 -0.64416487
0.00000000 0.00000000 0.00000000 1.00000000
# frame 88
0.21730861 0.95316836 -0.21034980 -1.65982617
-0.81152138 0.05667191 -0.58156800 -0.03441428
-0.54241129 0.29708310 0.78583180 -0.64330418
0.00000000 0.00000000 0.00000000 1.00000000
# frame 89
0.22961379 0.95252732 -0.19992300 -1.66143117
-0.80148055 0.06851255 -0.59408329 -0.03137968
-0.55218333 0.29664412 0.77916355 -0.64195158
0.00000000 0.00000000 0.00000000 1.00000000
# frame 90
0.23514072 0.95222291 -0.19488554 -1.66180128
-0.79909010 0.07524769 -0.59648370 -0.03054462
-0.55332076 0.29598872 0.77860569 -0.64211110
0.00000000 0.00000000 0.00000000 1.00000000
# frame 91
0.24467185 0.95084801 -0.18979921 -1.66271017
-0.78950671 0.08173758 -0.60827471 -0.02828352
-0.56286307 0.29867545 0.77069977 -0.64084233
0.00000000 0.00000000 0.00000000 1.00000000
# frame 92
0.25116791 0.94983152 -0.18637265 -1.66355471
-0.78515496 0.08731897 -0.61311262 -0.02697701
-0.56607983 0.30032563 0.76769665 -0.64048262
0.00000000 0.00000000 0.00000000 1.00000000
# frame 93
0.26649981 0.94707091 -0.17898196 -1.66472158
-0.76316341 0.09392323 -0.63934344 -0.02228430
-0.58869301 0.30697739 0.74780039 -0.63788461
0.00000000 0.00000000 0.00000000 1.00000000
# frame 94
0.26836454 0.94732921 -0.17477940 -1.66556837
-0.76097336 0.09722582 -0.64145669 -0.02125343
-0.59067759 0.30514669 0.74698426 -0.63821370
0.00000000 0.00000000 0.00000000 1.00000000
# frame 95
0.26903419 0.94793591 -0.17040572 -1.66609110
-0.75719475 0.09883113 -0.64566905 -0.02030502
-0.59521149 0.30273737 0.74436105 -0.63807176
0.00000000 0.00000000 0.00000000 1.00000000
# frame 96
0.27670252 0.94681943 -0.16422145 -1.66598265
-0.74617537 0.10401225 -0.65757415 -0.01822061
-0.60552294 0.30449043 0.73527379 -0.63626550
0.00000000 0.00000000 0.00000000 1.00000000
# frame 97
0.28385039 0.94646404 -0.15373608 -1.66654203
-0.74174643 0.11513148 -0.66072458 -0.01801967
-0.60765219 0.30158012 0.73471644 -0.63603950
0.00000000 0.00000000 0.00000000 1.00000000
# frame 98
0.29118034 0.94594461 -0.14283842 -1.66865135
-0.73601236 0.12612614 -0.66511503 -0.01875557
-0.61114632 0.29879926 0.73295237 -0.63654532
0.00000000 0.00000000 0.00000000 1.00000000
# frame 99
0.29522429 0.94512194 -0.13995406 -1.66871197
-0.72828314 0.12779528 -0.67325481 -0.01842517
-0.61842242 0.30068736 0.72604464 -0.63525215
0.00000000 0.00000000 0.00000000 1.00000000
# frame 100
0.30109402 0.94406257 -0.13449259 -1.66888544
-0.71733057 0.13130225 -0.68424891 -0.01602598
-0.62831461 0.30249890 0.71673926 -0.63384833
0.00000000 0.00000000 0.00000000 1.00000000
# frame 101
0.30277978 0.94427203 -0.12913069 -1.66866971
-0.71371626 0.13485890 -0.68732974 -0.01610103
-0.63161183 0.30027223 0.71477485 -0.63339575
0.00000000 0.00000000 0.00000000 1.00000000
# frame 102
0.30624707 0.94445637 -0.11922626 -1.67050746
-0.70077675 0.13889993 -0.69972763 -0.01558230
-0.64430170 0.29784053 0.70439076 -0.63161860
0.00000000 0.00000000 0.00000000 1.00000000
# frame 103
0.31296372 0.94473952 -0.09757531 -1.67095398
-0.68772959 0.15456330 -0.70932235 -0.01228540
-0.65504330 0.28909760 0.69809803 -0.62803161
0.00000000 0.00000000 0.00000000 1.00000000
# frame 104
0.31488886 0.94517801 -0.08650745 -1.67242334
-0.68491910 0.16319008 -0.71010902 -0.01286143
-0.65706227 0.28285603 0.69875721 -0.62724414
0.00000000 0.00000000 0.00000000 1.00000000
# frame 105
0.31313369 0.94643053 -0.07884501 -1.67463390
-0.68161329 0.16615190 -0.71259868 -0.01261449
-0.66132490 0.27688046 0.69712739 -0.62660686
0.00000000 0.00000000 0.00000000 1.00000000
# frame 106
0.31084840 0.94727603 -0.07772638 -1.67575832
-0.68050756 0.16472407 -0.71398560 -0.01195690
-0.66353804 0.27483467 0.69583272 -0.62596424
0.00000000 0.00000000 0.00000000 1.00000000
# frame 107
0.30987191 0.94786710 -0.07434616 -1.67683169
-0.68230607 0.16723514 -0.71168169 -0.01091455
-0.66214637 0.27125700 0.69855695 -0.62433411
0.00000000 0.00000000 0.00000000 1.00000000
# frame 108
0.30778225 0.94871232 -0.07221513 -1.67780052
-0.68202033 0.16706530 -0.71199540 -0.01140049
-0.66341416 0.26839174 0.69846083 -0.62412421
0.00000000 0.00000000 0.00000000 1.00000000
# frame 109
0.30864726 0.94850979 -0.07117625 -1.67760398
-0.67792483 0.16687405 -0.71594062 -0.01050103
-0.66719922 0.26922526 0.69452355 -0.62285295
0.00000000 0.00000000 0.00000000 1.00000000
# frame 110
0.30745346 0.94981653 -0.05762754 -1.67901642
-0.67713621 0.17583462 -0.71454093 -0.00954881
-0.66854987 0.25870977 0.69721613 -0.62097469
0.00000000 0.00000000 0.00000000 1.00000000
# frame 111
0.30458803 0.95120138 -0.04941724 -1.68140767
-0.67597325 0.17932179 -0.71477540 -0.00969813
-0.67103376 0.25111676 0.69760596 -0.62051634
0.00000000 0.00000000 0.00000000 1.00000000
# frame 112
0.30247260 0.95191244 -0.04871372 -1.68151125
-0.67475086 0.17774631 -0.71632222 -0.00903129
-0.67321736 0.24953747 0.69606713 -0.61928483
0.00000000 0.00000000 0.00000000 1.00000000
# frame 113
0.29930052 0.95338790 -0.03834988 -1.68358055
-0.67551558 0.18333893 -0.71418873 -0.00726412
-0.67386787 0.23966300 0.69890182 -0.61655414
0.00000000 0.00000000 0.00000000 1.00000000
# frame 114
0.29975589 0.95352824 -0.03050094 -1.68592740
-0.67234631 0.18846413 -0.71584336 -0.00645880
-0.67682852 0.23508546 0.69759442 -0.61515834
0.00000000 0.00000000 0.00000000 1.00000000
# frame 115
0.29981834 0.95358245 -0.02809763 -1.68683058
-0.67182079 0.19013484 -0.71589494 -0.00586030
-0.67732251 0.23351501 0.69764243 -0.61505315
0.00000000 0.00000000 0.00000000 1.00000000
# frame 116
0.30241504 0.95277954 -0.02750083 -1.68655886
-0.67131144 0.19241659 -0.71576310 -0.00548110
-0.67667282 0.23491915 0.69780147 -0.61441736
0.00000000 0.00000000 0.00000000 1.00000000
# frame 117
0.30184046 0.95310042 -0.02217954 -1.68736673
-0.67037053 0.19564518 -0.71576973 -0.00492424
-0.67786111 0.23091677 0.69798407 -0.61431306
0.00000000 0.00000000 0.00000000 1.00000000
# frame 118
0.30040838 0.95361929 -0.01910627 -1.68827593
-0.67025115 0.19680528 -0.71556347 -0.00459145
-0.67861491 0.22776726 0.69828638 -0.61432347
0.00000000 0.00000000 0.00000000 1.00000000
# frame 119
0.29974668 0.95393766 -0.01244431 -1.69075723
-0.66652267 0.20006678 -0.71813705 -0.00342082
-0.68256828 0.22355362 0.69579043 -0.61282245
0.00000000 0.00000000 0.00000000 1.00000000
# frame 120
0.29816235 0.95446979 -0.00930784 -1.69312271
-0.66529150 0.20081504 -0.71906922 -0.00286166
-0.68446069 0.22059180 0.69487612 -0.61229120
0.00000000 0.00000000 0.00000000 1.00000000
# frame 121
0.29787395 0.95454150 -0.01102902 -1.69345342
-0.66339631 0.19868392 -0.72140837 -0.00152187
-0.68642294 0.22220537 0.69242207 -0.61088110
0.00000000 0.00000000 0.00000000 1.00000000
# frame 122
0.29629495 0.95506535 -0.00771231 -1.69436367
-0.66067729 0.19912075 -0.72377928 -0.00062363
-0.68972083 0.21954749 0.68998846 -0.60986106
0.00000000 0.00000000 0.00000000 1.00000000
# frame 123
0.30205758 0.95328038 0.00421098 -1.69860277
-0.65193868 0.20979288 -0.72867201 0.00240331
-0.69551217 0.21735561 0.68484989 -0.60721406
0.00000000 0.00000000 0.00000000 1.00000000
# frame 124
0.30485131 0.95236942 0.00762633 -1.69965429
-0.64983772 0.21385219 -0.72936834 0.00301802
-0.69625901 0.21739302 0.68407870 -0.60686445
0.00000000 0.00000000 0.00000000 1.00000000
# frame 125
0.30706720 0.95159877 0.01301994 -1.70108052
-0.64757668 0.21894982 -0.72986671 0.00338611
-0.69739097 0.21568672 0.68346548 -0.60704632
0.00000000 0.00000000 0.00000000 1.00000000
# frame 126
0.31338376 0.94921020 0.02811777 -1.70457851
-0.63593091 0.23175963 -0.73612455 0.00426620
-0.70525350 0.21280852 0.67626181 -0.60614762
0.00000000 0.00000000 0.00000000 1.00000000
# frame 127
0.31401296 0.94897510 0.02901923 -1.70619645
-0.63354076 0.23220570 -0.73804242 0.00466581
-0.70712231 0.21337002 0.67413001 -0.60645109
0.00000000 0.00000000 0.00000000 1.00000000
# frame 128
0.31620028 0.94826204 0.02857414 -1.70684567
-0.62998686 0.23239985 -0.74101745 0.00515119
-0.70931935 0.21630860 0.67087752 -0.60652189
0.00000000 0.00000000 0.00000000 1.00000000
# frame 129
0.32051758 0.94672984 0.03116242 -1.70842466
-0.62243799 0.23529827 -0.74646210 0.00698846
-0.71403041 0.21985755 0.66469785 -0.60643416
0.00000000 0.00000000 0.00000000 1.00000000
# frame 130
0.31978728 0.94681669 0.03569664 -1.71074550
-0.61881756 0.23723870 -0.74885421 0.00795591
-0.71749629 0.21738434 0.66177271 -0.60615736
0.00000000 0.00000000 0.00000000 1.00000000
# frame 131
0.32049481 0.94656957 0.03590448 -1.71177581
-0.61540962 0.23688429 -0.75176913 0.00906254
-0.72010699 0.21884214 0.65844821 -0.60589368
0.00000000 0.00000000 0.00000000 1.00000000
# frame 132
0.32410187 0.94530306 0.03687943 -1.71303964
-0.61136342 0.23904003 -0.75438361 0.01125704
-0.72193680 0.22195041 0.65539703 -0.60616529
0.00000000 0.00000000 0.00000000 1.00000000
# frame 133
0.32876275 0.94315410 0.04873799 -1.71679038
-0.60469394 0.24986261 -0.75624990 0.01533075
-0.72543800 0.21915523 0.65246509 -0.60847046
0.00000000 0.00000000 0.00000000 1.00000000
# frame 134
0.33128848 0.94194169 0.05471560 -1.71908663
-0.60025671 0.25514697 -0.75801840 0.01616750
-0.72796965 0.21827936 0.64993408 -0.60892709
0.00000000 0.00000000 0.00000000 1.00000000
# frame 135
0.33495400 0.94058459 0.05573547 -1.72022218
-0.59634086 0.25741918 -0.76033739 0.01731933
-0.72950901 0.22144071 0.64713261 -0.60925845
0.00000000 0.00000000 0.00000000 1.00000000
# frame 136
0.34112754 0.93839820 0.05514362 -1.72064278
-0.59480496 0.26090515 -0.76035226 0.01805764
-0.72790045 0.22657739 0.64716583 -0.61066901
0.00000000 0.00000000 0.00000000 1.00000000
# frame 137
0.34959579 0.93481811 0.06243304 -1.72322496
-0.58622346 0.27023914 -0.76374922 0.01815410
-0.73083845 0.23040379 0.64248677 -0.61265635
0.00000000 0.00000000 0.00000000 1.00000000
# frame 138
0.35236583 0.93370826 0.06346030 -1.72344736
-0.58241848 0.27186230 -0.76608068 0.01823278
-0.73254832 0.23298020 0.63960393 -0.61328779
0.00000000 0.00000000 0.00000000 1.00000000
# frame 139
0.35532054 0.93235070 0.06685423 -1.72441444
-0.58074393 0.27623342 -0.76578821 0.01730260
-0.73245055 0.23327509 0.63960842 -0.61519431
0.00000000 0.00000000 0.00000000 1.00000000
# frame 140
0.36181721 0.92939830 0.07284986 -1.72654217
-0.56489220 0.28073531 -0.77594103 0.01898952
-0.74160981 0.23959650 0.62658472 -0.61639581
0.00000000 0.00000000 0.00000000 1.00000000
# frame 141
0.36601453 0.92755478 0.07533582 -1.72716405
-0.56090136 0.28447860 -0.77747128 0.02019564
-0.74257863 0.24230982 0.62439004 -0.61733836
0.00000000 0.00000000 0.00000000 1.00000000
# frame 142
0.36964982 0.92565770 0.08072692 -1.72891038
-0.55787720 0.29057786 -0.77739149 0.02027767
-0.74305588 0.24232692 0.62381538 -0.61917760
0.00000000 0.00000000 0.00000000 1.00000000
# frame 143
0.39489492 0.91308760 0.10163191 -1.73330392
-0.52945201 0.31658281 -0.78705521 0.02117333
-0.75082527 0.25699488 0.60845300 -0.62401555
0.00000000 0.00000000 0.00000000 1.00000000
# frame 144
0.40901865 0.90634138 0.10606156 -1.73514426
-0.51652202 0.32576650 -0.79188458 0.02076411
-0.75226906 0.26911243 0.60138985 -0.62685752
0.00000000 0.00000000 0.00000000 1.00000000
# frame 145
0.41587258 0.90304875 0.10748471 -1.73528201
-0.50725010 0.32843310 -0.79676159 0.02047985
-0.75481609 0.27682967 0.59465789 -0.62775879
0.00000000 0.00000000 0.00000000 1.00000000
# frame 146
0.42423017 0.89879450 0.11044096 -1.73505644
-0.49564659 0.33253413 -0.80234376 0.02055558
-0.75786755 0.28563874 0.58655544 -0.62767473
0.00000000 0.00000000 0.00000000 1.00000000
# frame 147
0.43225463 0.89379172 0.11955036 -1.73766225
-0.48379809 0.34174144 -0.80569982 0.01972941
-0.76098314 0.29042924 0.58013405 -0.62776804
0.00000000 0.00000000 0.00000000 1.00000000
# frame 148
0.44544994 0.88694528 0.12207546 -1.73788829
-0.46340152 0.34507236 -0.81620101 0.02034311
-0.76605051 0.30700674 0.56472426 -0.62743285
0.00000000 0.00000000 0.00000000 1.00000000
# frame 149
0.45170751 0.88270310 0.12959769 -1.73953006
-0.45344876 0.35224829 -0.81872178 0.02009248
-0.76833882 0.31105687 0.55937383 -0.62760897
0.00000000 0.00000000 0.00000000 1.00000000
# frame 150
0.45664324 0.87929777 0.13532327 -1.74001641
-0.44603155 0.35788741 -0.82034899 0.01902584
-0.76976153 0.31424837 0.55562141 -0.62753655
0.00000000 0.00000000 0.00000000 1.00000000
# frame 151
0.46443740 0.87282776 0.14989866 -1.74349907
-0.41842175 0.36544413 -0.83148892 0.01807435
-0.78052620 0.32345369 0.53493604 -0.62555458
0.00000000 0.00000000 0.00000000 1.00000000
# frame 152
0.47060071 0.86916277 0.15195742 -1.74350467
-0.41254019 0.36897793 -0.83286606 0.01828223
-0.77996511 0.32925882 0.53220585 -0.62532640
0.00000000 0.00000000 0.00000000 1.00000000
# frame 153
0.48468244 0.85406028 0.18884906 -1.74825167
-0.37066951 0.39610974 -0.84006023 0.01297691
-0.79226703 0.33716186 0.50856154 -0.62262137
0.00000000 0.00000000 0.00000000 1.00000000
# frame 154
0.48512105 0.85237558 0.19522663 -1.75043396
-0.35645321 0.39662633 -0.84594838 0.01076649
-0.79849776 0.34079821 0.49624379 -0.62209254
0.00000000 0.00000000 0.00000000 1.00000000
# frame 155
0.48719887 0.85105352 0.19581921 -1.75009146
-0.34067627 0.39168507 -0.85470608 0.01076162
-0.80410008 0.34970088 0.48076227 -0.62047540
0.00000000 0.00000000 0.00000000 1.00000000
# frame 156
0.49181214 0.84567028 0.20727419 -1.75383029
-0.30879952 0.39198980 -0.86659497 0.00957382
-0.81410298 0.36219576 0.45392793 -0.61598873
0.00000000 0.00000000 0.00000000 1.00000000
# frame 157
0.49545647 0.84429252 0.20418872 -1.75413265
-0.30399853 0.38874110 -0.86975011 0.01026693
-0.81370005 0.36885025 0.44926798 -0.61459907
0.00000000 0.00000000 0.00000000 1.00000000
# frame 158
0.49925044 0.84104519 0.20830744 -1.75461396
-0.29802259 0.39242753 -0.87016273 0.01011612
-0.81359175 0.37234880 0.44657008 -0.61262924
0.00000000 0.00000000 0.00000000 1.00000000
# frame 159
0.49901797 0.84010357 0.21261951 -1.75596874
-0.29473941 0.39525966 -0.86999913 0.00938093
-0.81492929 0.37147785 0.44485331 -0.61180802
0.00000000 0.00000000 0.00000000 1.00000000
# frame 160
0.49967808 0.83863663 0.21681887 -1.75651121
-0.28732865 0.39660596 -0.87186350 0.00935284
-0.81716832 0.37335280 0.43913964 -0.60961981
0.00000000 0.00000000 0.00000000 1.00000000
# frame 161
0.49944842 0.83702091 0.22348889 -1.75845669
-0.27639357 0.39843550 -0.87456032 0.00973817
-0.82107117 0.37502687 0.43034518 -0.60565818
0.00000000 0.00000000 0.00000000 1.00000000
# frame 162
0.50229654 0.83460883 0.22611122 -1.75869425
-0.27438407 0.40182041 -0.87364395 0.00980903
-0.82000706 0.37678702 0.43083636 -0.60453896
0.00000000 0.00000000 0.00000000 1.00000000
# frame 163
0.51237237 0.81512826 0.27026002 -1.75946182
-0.24325377 0.43957919 -0.86463735 0.00910708
-0.82359101 0.37727452 0.42351125 -0.59803958
0.00000000 0.00000000 0.00000000 1.00000000
# frame 164
0.51487767 0.80946853 0.28224402 -1.75958521
-0.23680152 0.45072314 -0.86068211 0.00881627
-0.82390899 0.37631019 0.42375066 -0.59622066
0.00000000 0.00000000 0.00000000 1.00000000
# frame 165
0.51773738 0.80239699 0.29682835 -1.76065362
-0.23023969 0.46482585 -0.85494246 0.00806822
-0.82397675 0.37429400 0.42540135 -0.59528609
0.00000000 0.00000000 0.00000000 1.00000000
# frame 166
0.51805752 0.79301314 0.32054104 -1.76337363
-0.21718097 0.48442304 -0.84744719 0.00592553
-0.82731423 0.36941098 0.42318636 -0.59359945
0.00000000 0.00000000 0.00000000 1.00000000
# frame 167
0.51746623 0.78930339 0.33049790 -1.76442257
-0.20931665 0.49125303 -0.84549216 0.00577358
-0.82970792 0.36833493 0.41942119 -0.59075383
0.00000000 0.00000000 0.00000000 1.00000000
# frame 168
0.51852706 0.78642318 0.33566094 -1.76593093
-0.20917848 0.49729757 -0.84198545 0.00539311
-0.82908024 0.36637919 0.42236505 -0.58978085
0.00000000 0.00000000 0.00000000 1.00000000
# frame 169
0.51958100 0.78387943 0.33995386 -1.76906780
-0.21075456 0.50316285 -0.83809884 0.00516673
-0.82802059 0.36381341 0.42664001 -0.58798072
0.00000000 0.00000000 0.00000000 1.00000000
# frame 170
0.52162126 0.78275232 0.33942608 -1.76941934
-0.21536514 0.50575682 -0.83536094 0.00524692
-0.82554777 0.36264149 0.43239107 -0.58758246
0.00000000 0.00000000 0.00000000 1.00000000
# frame 171
0.52286498 0.78068385 0.34226442 -1.77025376
-0.21946722 0.51127778 -0.83092068 0.00426596
-0.82367855 0.35934350 0.43866376 -0.58842778
0.00000000 0.00000000 0.00000000 1.00000000
# frame 172
0.52258258 0.77920456 0.34604581 -1.77042121
-0.22033700 0.51551696 -0.82806634 0.00464849
-0.82362555 0.35648635 0.44108778 -0.58690618
0.00000000 0.00000000 0.00000000 1.00000000
# frame 173
0.51468184 0.77602579 0.36453612 -1.77200248
-0.23025725 0.53466104 -0.81309235 0.00365374
-0.82588389 0.33454678 0.45386589 -0.58467384
0.00000000 0.00000000 0.00000000 1.00000000
# frame 174
0.51406192 0.77520306 0.36715196 -1.77135416
-0.22825015 0.53623433 -0.81262206 0.00460817
-0.82682659 0.33393557 0.45259786 -0.58252927
0.00000000 0.00000000 0.00000000 1.00000000
# frame 175
0.51352805 0.77281485 0.37288891 -1.77251021
-0.23237550 0.54357812 -0.80655096 0.00351937
-0.82600882 0.32753630 0.45872585 -0.58217843
0.00000000 0.00000000 0.00000000 1.00000000
# frame 176
0.50556658 0.77695160 0.37516483 -1.77398107
-0.23975416 0.54421464 -0.80395794 0.00123446
-0.82880660 0.31650694 0.46141411 -0.58129823
0.00000000 0.00000000 0.00000000 1.00000000
# frame 177
0.50588169 0.77689373 0.37485977 -1.77368331
-0.24068938 0.54443789 -0.80352723 0.00107578
-0.82834313 0.31626495 0.46241123 -0.57992783
0.00000000 0.00000000 0.00000000 1.00000000
# frame 178
0.50561531 0.77402008 0.38111164 -1.77539644
-0.24542997 0.55252442 -0.79654309 -0.00101015
-0.82711383 0.30920816 0.46933252 -0.58001770
0.00000000 0.00000000 0.00000000 1.00000000
# frame 179
0.50650752 0.77240011 0.38320779 -1.77413585
-0.24677248 0.55570360 -0.79391237 -0.00162900
-0.82616795 0.30755745 0.47207514 -0.57829130
0.00000000 0.00000000 0.00000000 1.00000000
# frame 180
0.50697513 0.76980453 0.38778501 -1.77422150
-0.24903327 0.56151419 -0.78910345 -0.00221850
-0.82520219 0.30348445 0.47638066 -0.57755103
0.00000000 0.00000000 0.00000000 1.00000000
# frame 181
0.50511681 0.76512506 0.39930021 -1.77527226
-0.25088885 0.57285738 -0.78031353 -0.00402822
-0.82577951 0.29396951 0.48132124 -0.57680568
0.00000000 0.00000000 0.00000000 1.00000000
# frame 182
0.50187906 0.76178158 0.40964159 -1.77688698
-0.25343209 0.58233714 -0.77243487 -0.00581973
-0.82697617 0.28385256 0.48532271 -0.57639522
0.00000000 0.00000000 0.00000000 1.00000000
# frame 183
0.49407511 0.74473816 0.44861438 -1.78069197
-0.26117700 0.61929782 -0.74044364 -0.01170281
-0.82926254 0.24866701 0.50048812 -0.57436703
0.00000000 0.00000000 0.00000000 1.00000000
# frame 184
0.48920460 0.74167497 0.45890859 -1.78220550
-0.26275836 0.62705414 -0.73332200 -0.01408220
-0.83164710 0.23816243 0.50163907 -0.57420309
0.00000000 0.00000000 0.00000000 1.00000000
# frame 185
0.48846791 0.73999497 0.46239220 -1.78209913
-0.26429216 0.63049021 -0.72981624 -0.01444260
-0.83159410 0.23428518 0.50354910 -0.57440759
0.00000000 0.00000000 0.00000000 1.00000000
# frame 186
0.48275557 0.73575005 0.47499360 -1.78400500
-0.26466411 0.63959116 -0.72171743 -0.01722475
-0.83480535 0.22269935 0.50349283 -0.57367463
0.00000000 0.00000000 0.00000000 1.00000000
# frame 187
0.47941638 0.73519463 0.47921685 -1.78430523
-0.26359187 0.64148079 -0.72043162 -0.01738867
-0.83706586 0.21906906 0.50132773 -0.57326608
0.00000000 0.00000000 0.00000000 1.00000000
# frame 188
0.47823116 0.73314442 0.48352272 -1.78428231
-0.26525042 0.64542748 -0.71628597 -0.01781133
-0.83721991 0.21429567 0.50313040 -0.57356779
0.00000000 0.00000000 0.00000000 1.00000000
# frame 189
0.47849094 0.73054013 0.48719353 -1.78433204
-0.26889028 0.65008027 -0.71069942 -0.01851397
-0.83590935 0.20906163 0.50749266 -0.57497418
0.00000000 0.00000000 0.00000000 1.00000000
# frame 190
0.47643634 0.72820803 0.49266772 -1.78459288
-0.26975962 0.65440063 -0.70639193 -0.01873718
-0.83680234 0.20364893 0.50822136 -0.57550930
0.00000000 0.00000000 0.00000000 1.00000000
# frame 191
0.46100917 0.72531002 0.51126893 -1.78719387
-0.28292562 0.66621369 -0.69000900 -0.02268930
-0.84108480 0.17344940 0.51233940 -0.57505694
0.00000000 0.00000000 0.00000000 1.00000000
# frame 192
0.45077601 0.73409468 0.50784446 -1.78838100
-0.29051996 0.65860403 -0.69414615 -0.02460881
-0.84403741 0.16536547 0.51015205 -0.57672266
0.00000000 0.00000000 0.00000000 1.00000000
# frame 193
0.44314080 0.74388717 0.50025804 -1.78659486
-0.28939071 0.64687303 -0.70555531 -0.02093892
-0.84845698 0.16789031 0.50192987 -0.57497567
0.00000000 0.00000000 0.00000000 1.00000000
# frame 194
0.44819164 0.73748115 0.50521858 -1.78654805
-0.29591861 0.65569518 -0.69461933 -0.02066730
-0.84353804 0.16181900 0.51211149 -0.57703476
0.00000000 0.00000000 0.00000000 1.00000000
# frame 195
0.44272689 0.72677729 0.52515491 -1.78900930
-0.29759473 0.67158253 -0.67853834 -0.02336053
-0.84583112 0.14412383 0.51361273 -0.57593538
0.00000000 0.00000000 0.00000000 1.00000000
# frame 196
0.44625953 0.72503889 0.52456748 -1.78837908
-0.30161930 0.67373348 -0.67461766 -0.02235777
-0.84254272 0.14283488 0.51934571 -0.57746820
0.00000000 0.00000000 0.00000000 1.00000000
# frame 197
0.44918477 0.71654499 0.53366312 -1.78843981
-0.30608120 0.68458471 -0.66155730 -0.02304401
-0.83937318 0.13381721 0.52682598 -0.57866290
0.00000000 0.00000000 0.00000000 1.00000000
# frame 198
0.44549122 0.70052635 0.55749475 -1.79169503
-0.31141295 0.70506419 -0.63710789 -0.02945979
-0.83938045 0.11021489 0.53225288 -0.57910653
0.00000000 0.00000000 0.00000000 1.00000000
# frame 199
0.43953903 0.70292347 0.55919946 -1.79271677
-0.31228344 0.70331227 -0.63861640 -0.03250347
-0.84219030 0.10606810 0.52864455 -0.57935259
0.00000000 0.00000000 0.00000000 1.00000000
# frame 200
0.44020962 0.70764977 0.55267286 -1.79110936
-0.30801985 0.69718582 -0.64734512 -0.03054482
-0.84340931 0.11473333 0.52487808 -0.57866926
0.00000000 0.00000000 0.00000000 1.00000000
# frame 201
0.44136443 0.70428908 0.55603446 -1.79282449
-0.31353707 0.70164005 -0.63984041 -0.03244566
-0.84076866 0.10806539 0.53049970 -0.57900108
0.00000000 0.00000000 0.00000000 1.00000000
# frame 202
0.44490418 0.70223882 0.55580654 -1.79431761
-0.32084139 0.70439748 -0.63315480 -0.03405225
-0.83613460 0.10336747 0.53869666 -0.58129421
0.00000000 0.00000000 0.00000000 1.00000000
# frame 203
0.45355038 0.69515246 0.55772315 -1.79679185
-0.32558799 0.71177463 -0.62239002 -0.03572915
-0.82962914 0.10069727 0.54915894 -0.58268651
0.00000000 0.00000000 0.00000000 1.00000000
# frame 204
0.45798932 0.68893413 0.56179672 -1.79795191
-0.32963516 0.71853277 -0.61241433 -0.03661594
-0.82558249 0.09529127 0.55617725 -0.58279176
0.00000000 0.00000000 0.00000000 1.00000000
# frame 205
0.45623644 0.68254507 0.57094706 -1.80154478
-0.34573692 0.72717196 -0.59303197 -0.04174564
-0.81994774 0.07316532 0.56774338 -0.58325567
0.00000000 0.00000000 0.00000000 1.00000000
# frame 206
0.45875106 0.68544462 0.56543182 -1.80130034
-0.34571863 0.72389009 -0.59704418 -0.04051710
-0.81855121 0.07841434 0.56905632 -0.58322278
0.00000000 0.00000000 0.00000000 1.00000000
# frame 207
0.46495866 0.68055884 0.56626241 -1.80319698
-0.35304371 0.72907640 -0.58635122 -0.04270815
-0.81189506 0.07271369 0.57925740 -0.58429743
0.00000000 0.00000000 0.00000000 1.00000000
# frame 208
0.46705775 0.68184810 0.56297445 -1.80354100
-0.35759592 0.72795098 -0.58498933 -0.04230470
-0.80869167 0.07190643 0.58382124 -0.58485022
0.00000000 0.00000000 0.00000000 1.00000000
# frame 209
0.47389967 0.67622059 0.56404328 -1.80509877
-0.37118408 0.73425110 -0.56841684 -0.04299079
-0.79852457 0.06000867 0.59896367 -0.58654395
0.00000000 0.00000000 0.00000000 1.00000000
# frame 210
0.47361250 0.67068970 0.57084720 -1.80636770
-0.38077258 0.74037205 -0.55395078 -0.04489092
-0.79416840 0.04499505 0.60602971 -0.58734381
0.00000000 0.00000000 0.00000000 1.00000000
# frame 211
0.47358623 0.66254918 0.58029706 -1.80766282
-0.39582760 0.74869105 -0.53177271 -0.04623016
-0.78678878 0.02214264 0.61682503 -0.58789508
0.00000000 0.00000000 0.00000000 1.00000000
# frame 212
0.46892333 0.65872738 0.58837841 -1.81046452
-0.40846392 0.75237903 -0.51680076 -0.05164511
-0.78311438 0.00200858 0.62187445 -0.58697152
0.00000000 0.00000000 0.00000000 1.00000000
# frame 213
0.47773560 0.66405366 0.57515340 -1.81394618
-0.43116388 0.74765500 -0.50508387 -0.05369098
-0.76541910 -0.00668883 0.64349737 -0.58946958
0.00000000 0.00000000 0.00000000 1.00000000
# frame 214
0.47908270 0.66535633 0.57252137 -1.81451061
-0.43737365 0.74645700 -0.50150397 -0.05349362
-0.76104143 -0.01014388 0.64862396 -0.58990936
0.00000000 0.00000000 0.00000000 1.00000000
# frame 215
0.48726283 0.66064527 0.57107159 -1.81544153
-0.45041419 0.75039052 -0.48377797 -0.05403992
-0.74813234 -0.02149172 0.66320141 -0.59152996
0.00000000 0.00000000 0.00000000 1.00000000
# frame 216
0.48674551 0.65693576 0.57577271 -1.81672835
-0.45981987 0.75309995 -0.47053814 -0.05644643
-0.74272774 -0.03571941 0.66864014 -0.59235518
0.00000000 0.00000000 0.00000000 1.00000000
# frame 217
0.48670221 0.65451417 0.57856041 -1.81661255
-0.47483135 0.75412533 -0.45368511 -0.05533922
-0.73325040 -0.05390907 0.67781831 -0.59388093
0.00000000 0.00000000 0.00000000 1.00000000
# frame 218
0.48440742 0.64949469 0.58609393 -1.81765149
-0.48304448 0.75713078 -0.43979656 -0.05711921
-0.72939528 -0.07006872 0.68049459 -0.59344989
0.00000000 0.00000000 0.00000000 1.00000000
# frame 219
0.48023991 0.64903543 0.59001918 -1.81877413
-0.48980088 0.75645156 -0.43344681 -0.05827174
-0.72764327 -0.08083345 0.68117636 -0.59308506
0.00000000 0.00000000 0.00000000 1.00000000
# frame 220
0.48153940 0.64817683 0.58990389 -1.81879488
-0.49161832 0.75698273 -0.43045160 -0.05774361
-0.72555581 -0.08272816 0.68317261 -0.59274903
0.00000000 0.00000000 0.00000000 1.00000000
# frame 221
0.48596332 0.64299732 0.59194096 -1.81979932
-0.49551710 0.76062189 -0.41942478 -0.05969289
-0.71993226 -0.08949181 0.68825051 -0.59310924
0.00000000 0.00000000 0.00000000 1.00000000
# frame 222
0.48636186 0.64380763 0.59073165 -1.82003020
-0.49855213 0.75970193 -0.41749102 -0.05990025
-0.71756388 -0.09145881 0.69046170 -0.59369210
0.00000000 0.00000000 0.00000000 1.00000000
# frame 223
0.48809252 0.63555264 0.59819607 -1.82247846
-0.51681923 0.76276329 -0.38870302 -0.06008197
-0.70332323 -0.11943619 0.70076488 -0.59454481
0.00000000 0.00000000 0.00000000 1.00000000
# frame 224
0.48583149 0.63786477 0.59757535 -1.82356845
-0.52531577 0.75951577 -0.38363933 -0.06035269
-0.69857791 -0.12753169 0.70407710 -0.59484778
0.00000000 0.00000000 0.00000000 1.00000000
# frame 225
0.48542806 0.63723856 0.59857047 -1.82413821
-0.53160443 0.75867804 -0.37656919 -0.06010604
-0.69408669 -0.13540546 0.70704246 -0.59529009
0.00000000 0.00000000 0.00000000 1.00000000
# frame 226
0.48320292 0.63346463 0.60434882 -1.82523578
-0.54380498 0.75813727 -0.35986667 -0.06075860
-0.68614217 -0.15475928 0.71081537 -0.59505868
0.00000000 0.00000000 0.00000000 1.00000000
# frame 227
0.48319279 0.63018864 0.60777217 -1.82563748
-0.54978876 0.75865296 -0.34953971 -0.06158404
-0.68136411 -0.16525124 0.71304627 -0.59445863
0.00000000 0.00000000 0.00000000 1.00000000
# frame 228
0.48364176 0.62673807 0.61097466 -1.82621317
-0.55776110 0.75864204 -0.33669692 -0.06246741
-0.67453184 -0.17793721 0.71648109 -0.59499061
0.00000000 0.00000000 0.00000000 1.00000000
# frame 229
0.48056167 0.61230982 0.62780344 -1.82719212
-0.57058997 0.76194585 -0.30637496 -0.06434691
-0.66594862 -0.21098629 0.71553981 -0.59414811
0.00000000 0.00000000 0.00000000 1.00000000
# frame 230
0.47820397 0.60805580 0.63371059 -1.82713172
-0.57795915 0.76117814 -0.29422961 -0.06529465
-0.66127466 -0.22555706 0.71542982 -0.59356209
0.00000000 0.00000000 0.00000000 1.00000000
# frame 231
0.47678608 0.59884126 0.64347819 -1.82904550
-0.58621299 0.76209969 -0.27487885 -0.06765882
-0.65500333 -0.24615686 0.71440706 -0.59380490
0.00000000 0.00000000 0.00000000 1.00000000
# frame 232
0.47960300 0.57161863 0.66575754 -1.82953546
-0.59713944 0.76854541 -0.22970075 -0.06943196
-0.64296613 -0.28738492 0.70993272 -0.59396979
0.00000000 0.00000000 0.00000000 1.00000000
# frame 233
0.47090636 0.52435910 0.70943269 -1.82688952
-0.60195804 0.77886536 -0.17611151 -0.07243519
-0.64489822 -0.34411668 0.68241483 -0.59073110
0.00000000 0.00000000 0.00000000 1.00000000
# frame 234
0.47325745 0.51995911 0.71110471 -1.82619856
-0.60071019 0.78091706 -0.17121861 -0.07263816
-0.64434048 -0.34613736 0.68191955 -0.59057324
0.00000000 0.00000000 0.00000000 1.00000000
# frame 235
0.47783290 0.51535334 0.71139767 -1.82604834
-0.60055697 0.78266642 -0.16359890 -0.07277040
-0.64109831 -0.34906189 0.68348281 -0.59090342
0.00000000 0.00000000 0.00000000 1.00000000
# frame 236
0.48422987 0.50403561 0.71517099 -1.82609578
-0.59525824 0.78884867 -0.15292287 -0.07308302
-0.64124026 -0.35166160 0.68201543 -0.58920960
0.00000000 0.00000000 0.00000000 1.00000000
# frame 237
0.48803652 0.49753940 0.71712962 -1.82668017
-0.59282370 0.79198185 -0.14603017 -0.07504512
-0.64060940 -0.35386339 0.68146922 -0.58932504
0.00000000 0.00000000 0.00000000 1.00000000
# frame 238
0.49064328 0.48978162 0.72068241 -1.82701091
-0.59014393 0.79529144 -0.13871433 -0.07543392
-0.64109228 -0.35724709 0.67924605 -0.58885496
0.00000000 0.00000000 0.00000000 1.00000000
# frame 239
0.49779438 0.47552511 0.72531140 -1.82733498
-0.58254029 0.80288563 -0.12657597 -0.07616154
-0.64253215 -0.35951431 0.67668449 -0.58781208
0.00000000 0.00000000 0.00000000 1.00000000
# frame 240
0.50394715 0.46717053 0.72649085 -1.82776624
-0.57640483 0.80831278 -0.11994967 -0.07692133
-0.64326879 -0.35830454 0.67662628 -0.58745740
0.00000000 0.00000000 0.00000000 1.00000000
# frame 241
0.51045336 0.45438763 0.73004743 -1.82884083
-0.57189339 0.81339904 -0.10639523 -0.07896753
-0.64216456 -0.36319950 0.67506355 -0.58772833
0.00000000 0.00000000 0.00000000 1.00000000
# frame 242
0.51782964 0.44442766 0.73098325 -1.82796682
-0.56185475 0.82102797 -0.10115484 -0.07845697
-0.64511371 -0.35832544 0.67485642 -0.58663729
0.00000000 0.00000000 0.00000000 1.00000000
# frame 243
0.53873109 0.40844372 0.73684635 -1.83077501
-0.54450920 0.83620052 -0.06540959 -0.08392022
-0.64286744 -0.36598144 0.67288858 -0.58693165
0.00000000 0.00000000 0.00000000 1.00000000
# frame 244
0.54703877 0.39614483 0.73744007 -1.83253941
-0.54072852 0.83971181 -0.04996749 -0.08593457
-0.63903149 -0.37142073 0.67356172 -0.58718952
0.00000000 0.00000000 0.00000000 1.00000000
# frame 245
0.54863305 0.38759152 0.74079322 -1.83355853
-0.54007569 0.84067164 -0.03986784 -0.08603950
-0.63821629 -0.37821159 0.67054900 -0.58696837
0.00000000 0.00000000 0.00000000 1.00000000
# frame 246
0.55470575 0.36522507 0.74760430 -1.83478459
-0.54242115 0.84006927 -0.00793231 -0.08887238
-0.63093648 -0.40111628 0.66409705 -0.58714690
0.00000000 0.00000000 0.00000000 1.00000000
# frame 247
0.55532978 0.36083845 0.74926928 -1.83463529
-0.54194481 0.84040850 -0.00306112 -0.08729860
-0.63079684 -0.40436267 0.66225839 -0.58610095
0.00000000 0.00000000 0.00000000 1.00000000
# frame 248
0.55660947 0.35625225 0.75051331 -1.83453487
-0.53710027 0.84351588 -0.00206436 -0.08768870
-0.63380533 -0.40195185 0.66085211 -0.58476414
0.00000000 0.00000000 0.00000000 1.00000000
# frame 249
0.56289768 0.34774106 0.74981489 -1.83516610
-0.53257787 0.84634950 0.00730364 -0.09113144
-0.63206568 -0.40344601 0.66160736 -0.58477598
0.00000000 0.00000000 0.00000000 1.00000000
# frame 250
0.56778173 0.32016944 0.75836366 -1.83712087
-0.52773070 0.84861259 0.03683725 -0.09648350
-0.63176278 -0.42112730 0.65078997 -0.58325812
0.00000000 0.00000000 0.00000000 1.00000000
# frame 251
0.57358576 0.30669205 0.75956524 -1.83795151
-0.52192359 0.85150700 0.05031499 -0.09856770
-0.63134391 -0.42529498 0.64848211 -0.58290255
0.00000000 0.00000000 0.00000000 1.00000000
# frame 252
0.57723008 0.30306233 0.75826029 -1.83785307
-0.51481272 0.85585293 0.04983592 -0.09794853
-0.63385590 -0.41912883 0.65004440 -0.58207478
0.00000000 0.00000000 0.00000000 1.00000000
# frame 253
0.59507919 0.25604721 0.76178775 -1.84269767
-0.50780199 0.85449023 0.10946954 -0.11069932
-0.62291082 -0.45198038 0.63851064 -0.58033026
0.00000000 0.00000000 0.00000000 1.00000000
# frame 254
0.60705416 0.22994617 0.76066419 -1.84469499
-0.50557207 0.85026535 0.14644355 -0.11714097
-0.61309227 -0.47346974 0.63241148 -0.58030218
0.00000000 0.00000000 0.00000000 1.00000000
# frame 255
0.60830790 0.22516643 0.76109236 -1.84576646
-0.50554428 0.84915543 0.15283991 -0.11618366
-0.61187129 -0.47773961 0.63037956 -0.57966177
0.00000000 0.00000000 0.00000000 1.00000000
# frame 256
0.60831842 0.22634260 0.76073499 -1.84626505
-0.50506270 0.84976390 0.15103968 -0.11552567
-0.61225842 -0.47609909 0.63124423 -0.57948914
0.00000000 0.00000000 0.00000000 1.00000000
# frame 257
0.61432199 0.22071027 0.75755889 -1.84667826
-0.50075804 0.85101947 0.15813681 -0.11853689
-0.60979494 -0.47650062 0.63332241 -0.57997230
0.00000000 0.00000000 0.00000000 1.00000000
# frame 258
0.62291900 0.20911098 0.75381995 -1.84784273
-0.49417840 0.85218246 0.17196733 -0.12100265
-0.60643188 -0.47964325 0.63417878 -0.57960042
0.00000000 0.00000000 0.00000000 1.00000000
# frame 259
0.62474007 0.20991912 0.75208630 -1.84819761
-0.49282396 0.85310855 0.17126105 -0.12099724
-0.60566028 -0.47763979 0.63642427 -0.57865840
0.00000000 0.00000000 0.00000000 1.00000000
# frame 260
0.62928782 0.20635815 0.74927509 -1.84880604
-0.48914988 0.85435659 0.17551981 -0.12263084
-0.60392817 -0.47696030 0.63857626 -0.57875150
0.00000000 0.00000000 0.00000000 1.00000000
# frame 261
0.63402812 0.20316581 0.74614476 -1.84922297
-0.48845425 0.85324185 0.18273150 -0.12408495
-0.59951714 -0.48031449 0.64021652 -0.57852171
0.00000000 0.00000000 0.00000000 1.00000000
# frame 262
0.63519856 0.20704170 0.74408099 -1.84995447
-0.48568593 0.85615186 0.17638922 -0.12399631
-0.60052640 -0.47343185 0.64438367 -0.57703320
0.00000000 0.00000000 0.00000000 1.00000000
# frame 263
0.64824100 0.19507076 0.73602378 -1.85259979
-0.47446675 0.85950591 0.19008127 -0.12780396
-0.59553750 -0.47243728 0.64972156 -0.57466276
0.00000000 0.00000000 0.00000000 1.00000000
# frame 264
0.65291584 0.19245381 0.73257248 -1.85353842
-0.46972533 0.86161521 0.19229494 -0.12868192
-0.59418770 -0.46966026 0.65296264 -0.57363222
0.00000000 0.00000000 0.00000000 1.00000000
# frame 265
0.65832773 0.18997420 0.72836419 -1.85535417
-0.46661493 0.86227747 0.19684531 -0.13103126
-0.59065650 -0.46945433 0.65630597 -0.57199735
0.00000000 0.00000000 0.00000000 1.00000000
# frame 266
0.66205136 0.19022011 0.72491675 -1.85526704
-0.46199854 0.86519951 0.19490296 -0.13128112
-0.59012316 -0.46394625 0.66068793 -0.57144172
0.00000000 0.00000000 0.00000000 1.00000000
# frame 267
0.66583695 0.18763948 0.72211673 -1.85628702
-0.45824397 0.86664364 0.19733542 -0.13367657
-0.58878996 -0.46229885 0.66302802 -0.57027248
0.00000000 0.00000000 0.00000000 1.00000000
# frame 268
0.67265304 0.18627783 0.71612740 -1.85683937
-0.45675690 0.86593641 0.20378241 -0.13578804
-0.58216065 -0.46417099 0.66755844 -0.57096699
0.00000000 0.00000000 0.00000000 1.00000000
# frame 269
0.67668535 0.18510380 0.71262439 -1.85777342
-0.45341975 0.86733966 0.20526190 -0.13537268
-0.58009264 -0.46201569 0.67084576 -0.57032690
0.00000000 0.00000000 0.00000000 1.00000000
# frame 270
0.68878145 0.17079709 0.70456261 -1.86053206
-0.44313517 0.86835044 0.22270775 -0.13979993
-0.57376941 -0.46561343 0.67378987 -0.56922080
0.00000000 0.00000000 0.00000000 1.00000000
# frame 271
0.69798911 0.16476762 0.69689514 -1.86148370
-0.43505753 0.87055400 0.22991452 -0.13991212
-0.56880238 -0.46366731 0.67932060 -0.56970971
0.00000000 0.00000000 0.00000000 1.00000000
# frame 272
0.70251771 0.16723017 0.69173907 -1.86250934
-0.43146977 0.87306796 0.22712589 -0.13913314
-0.56595292 -0.45802446 0.68550047 -0.56914665
0.00000000 0.00000000 0.00000000 1.00000000
# frame 273
0.72787823 0.15527087 0.66789539 -1.86714813
-0.41047886 0.87889016 0.24302097 -0.14384667
-0.54927261 -0.45104661 0.70346042 -0.56785767
0.00000000 0.00000000 0.00000000 1.00000000
# frame 274
0.72820576 0.16382809 0.66548984 -1.86799621
-0.41065337 0.88170357 0.23229857 -0.14129306
-0.54870773 -0.44244680 0.70933818 -0.56772197
0.00000000 0.00000000 0.00000000 1.00000000
# frame 275
0.74057887 0.15887115 0.65291875 -1.86871938
-0.40168926 0.88359984 0.24061807 -0.14470610
-0.53869163 -0.44046711 0.71819221 -0.56814890
0.00000000 0.00000000 0.00000000 1.00000000
# frame 276
0.74574205 0.15846198 0.64711559 -1.86917098
-0.39785430 0.88501860 0.24177269 -0.14493147
-0.53439756 -0.43775778 0.72304037 -0.56860040
0.00000000 0.00000000 0.00000000 1.00000000
# frame 277
0.75725826 0.15312224 0.63491221 -1.87017074
-0.38997859 0.88581459 0.25149397 -0.14596091
-0.52390518 -0.43804805 0.73050480 -0.56932186
0.00000000 0.00000000 0.00000000 1.00000000
# frame 278
0.76299226 0.15062172 0.62861427 -1.87034944
-0.38420589 0.88772619 0.25362974 -0.14668628
-0.51983521 -0.43503484 0.73519797 -0.56853661
0.00000000 0.00000000 0.00000000 1.00000000
# frame 279
0.77123128 0.14252762 0.62039358 -1.86997821
-0.37692180 0.88763462 0.26464078 -0.14906995
-0.51296420 -0.43793911 0.73829335 -0.56887871
0.00000000 0.00000000 0.00000000 1.00000000
# frame 280
0.78054742 0.13888564 0.60947232 -1.87001542
-0.36802407 0.89021616 0.26846502 -0.15038207
-0.50527617 -0.43385016 0.74596919 -0.56893857
0.00000000 0.00000000 0.00000000 1.00000000
# frame 281
0.78457779 0.13727764 0.60464249 -1.86967321
-0.36413004 0.89131373 0.27012804 -0.15099028
-0.50184361 -0.43210495 0.74929186 -0.56957808
0.00000000 0.00000000 0.00000000 1.00000000
# frame 282
0.79043337 0.13258865 0.59802620 -1.86840881
-0.35695262 0.89309844 0.27378824 -0.15277006
-0.49779505 -0.42987838 0.75326268 -0.56913213
0.00000000 0.00000000 0.00000000 1.00000000
# frame 283
0.79692189 0.12404040 0.59121019 -1.86457480
-0.34659909 0.89545914 0.27932417 -0.15793692
-0.49475709 -0.42751246 0.75660328 -0.56711651
0.00000000 0.00000000 0.00000000 1.00000000
# frame 284
0.79672212 0.11762121 0.59278927 -1.86478985
-0.34416656 0.89458829 0.28506345 -0.15960383
-0.49677283 -0.43113459 0.75321957 -0.56653534
0.00000000 0.00000000 0.00000000 1.00000000
# frame 285
0.79855683 0.11573436 0.59068820 -1.86374715
-0.34136095 0.89534387 0.28606305 -0.15945869
-0.49576174 -0.43007548 0.75449014 -0.56702935
0.00000000 0.00000000 0.00000000 1.00000000
# frame 286
0.80130424 0.11340964 0.58740937 -1.86245556
-0.33893091 0.89515544 0.28952128 -0.16169400
-0.49298819 -0.43108583 0.75572988 -0.56727621
0.00000000 0.00000000 0.00000000 1.00000000
# frame 287
0.80470939 0.10915221 0.58354828 -1.86214361
-0.33518117 0.89483289 0.29483499 -0.16273698
-0.48999630 -0.43285088 0.75666620 -0.56798630
0.00000000 0.00000000 0.00000000 1.00000000
# frame 288
0.80307965 0.10916437 0.58578683 -1.86240661
-0.33619981 0.89466466 0.29418504 -0.16239633
-0.49196825 -0.43319544 0.75518802 -0.56741836
0.00000000 0.00000000 0.00000000 1.00000000
# frame 289
0.80811436 0.10444453 0.57969174 -1.86092615
-0.33150429 0.89413925 0.30103141 -0.16523646
-0.48688405 -0.43543811 0.75719058 -0.56863688
0.00000000 0.00000000 0.00000000 1.00000000
# frame 290
0.80873439 0.10232426 0.57920500 -1.86016646
-0.33163763 0.89261824 0.30536727 -0.16586628
-0.48576247 -0.43904718 0.75582564 -0.56873530
0.00000000 0.00000000 0.00000000 1.00000000
# frame 291
0.80901998 0.09824090 0.57951307 -1.85930831
-0.32950952 0.89224237 0.30875074 -0.16649280
-0.48673416 -0.44074059 0.75421322 -0.56817088
0.00000000 0.00000000 0.00000000 1.00000000
# frame 292
0.81158574 0.09482980 0.57648582 -1.85679660
-0.32733394 0.89112651 0.31423881 -0.16835663
-0.48392260 -0.44373511 0.75426658 -0.56802705
0.00000000 0.00000000 0.00000000 1.00000000
# frame 293
0.82198424 0.08417633 0.56325505 -1.84934143
-0.31709312 0.88918032 0.32986408 -0.17295594
-0.47306856 -0.44974738 0.75758394 -0.56936083
0.00000000 0.00000000 0.00000000 1.00000000
# frame 294
0.82273200 0.08275676 0.56237299 -1.84838608
-0.31735482 0.88767224 0.33365238 -0.17367574
-0.47159090 -0.45297827 0.75657961 -0.56914113
0.00000000 0.00000000 0.00000000 1.00000000
# frame 295
0.82654583 0.07925399 0.55726187 -1.84491329
-0.31312698 0.88744279 0.33822594 -0.17566452
-0.46773228 -0.45405296 0.75832870 -0.56998374
0.00000000 0.00000000 0.00000000 1.00000000
# frame 296
0.82752617 0.08015057 0.55567646 -1.84333121
-0.31232045 0.88819221 0.33700229 -0.17581219
-0.46653658 -0.45242733 0.76003495 -0.57058525
0.00000000 0.00000000 0.00000000 1.00000000
# frame 297
0.82952730 0.07459147 0.55346234 -1.84161110
-0.30939654 0.88643203 0.34425577 -0.17848557
-0.46492820 -0.45680889 0.75839792 -0.57059610
0.00000000 0.00000000 0.00000000 1.00000000
# frame 298
0.83235399 0.06791963 0.55006705 -1.84038044
-0.30494125 0.88486392 0.35217422 -0.18024344
-0.46281494 -0.46087175 0.75723151 -0.57141189
0.00000000 0.00000000 0.00000000 1.00000000
# frame 299
0.83949737 0.06266023 0.53973869 -1.83633622
-0.29917420 0.88250562 0.36287550 -0.18173786
-0.45358457 -0.46610891 0.75960747 -0.57392333
0.00000000 0.00000000 0.00000000 1.00000000
# frame 300
0.84378328 0.06192357 0.53309966 -1.83424095
-0.29720266 0.88101868 0.36807154 -0.18309404
-0.44687845 -0.46901125 0.76179268 -0.57494594
0.00000000 0.00000000 0.00000000 1.00000000
# frame 301
0.84640219 0.06001779 0.52915139 -1.83275183
-0.29499539 0.88009482 0.37203606 -0.18415673
-0.44337462 -0.47098936 0.76261915 -0.57567510
0.00000000 0.00000000 0.00000000 1.00000000
# frame 302
0.84912841 0.05607646 0.52520127 -1.83081744
-0.29058068 0.87994356 0.37584864 -0.18549730
-0.44107121 -0.47175710 0.76347981 -0.57669550
0.00000000 0.00000000 0.00000000 1.00000000
# frame 303
0.86863127 0.03703635 0.49407290 -1.82068128
-0.26628888 0.87582866 0.40251012 -0.19265681
-0.41781570 -0.48119900 0.77063452 -0.58120928
0.00000000 0.00000000 0.00000000 1.00000000
# frame 304
0.86887805 0.03494916 0.49379094 -1.81907171
-0.26514667 0.87520778 0.40460918 -0.19298446
-0.41802892 -0.48248306 0.76971548 -0.58130911
0.00000000 0.00000000 0.00000000 1.00000000
# frame 305
0.87207117 0.03061208 0.48842070 -1.81599674
-0.26033043 0.87412954 0.41003123 -0.19410469
-0.41439105 -0.48472718 0.77027243 -0.58166427
0.00000000 0.00000000 0.00000000 1.00000000
# frame 306
0.88085578 0.02498202 0.47272507 -1.81126322
-0.25075617 0.87162133 0.42118595 -0.19651252
-0.40151517 -0.48954280 0.77403708 -0.58260010
0.00000000 0.00000000 0.00000000 1.00000000
# frame 307
0.88316453 0.02561195 0.46836358 -1.80948690
-0.24904286 0.87175067 0.42193415 -0.19684177
-0.39748971 -0.48927988 0.77627774 -0.58304658
0.00000000 0.00000000 0.00000000 1.00000000
# frame 308
0.88618288 0.02436941 0.46269431 -1.80752025
-0.24522952 0.87194817 0.42375567 -0.19747120
-0.39311878 -0.48899132 0.77868165 -0.58373783
0.00000000 0.00000000 0.00000000 1.00000000
# frame 309
0.88585671 0.02330910 0.46337305 -1.80644502
-0.24505291 0.87156798 0.42463906 -0.19746772
-0.39396315 -0.48972027 0.77779630 -0.58369048
0.00000000 0.00000000 0.00000000 1.00000000
# frame 310
0.89250792 0.01555816 0.45076330 -1.80197081
-0.23590935 0.86790137 0.43714299 -0.19989674
-0.38441694 -0.49649286 0.77827916 -0.58490422
0.00000000 0.00000000 0.00000000 1.00000000
# frame 311
0.89688693 0.01202459 0.44209643 -1.80024879
-0.23001290 0.86648106 0.44306280 -0.20049052
-0.37774053 -0.49906512 0.77990134 -0.58626660
0.00000000 0.00000000 0.00000000 1.00000000
# frame 312
0.90096120 0.01295761 0.43370613 -1.79865651
-0.22595846 0.86733253 0.44348287 -0.20031859
-0.37042096 -0.49756043 0.78436084 -0.58752081
0.00000000 0.00000000 0.00000000 1.00000000
# frame 313
0.91093071 -0.00068108 0.41255882 -1.79090517
-0.20435972 0.86794957 0.45265953 -0.20521417
-0.35838855 -0.49665187 0.79050273 -0.58889683
0.00000000 0.00000000 0.00000000 1.00000000
# frame 314
0.91386301 -0.00594456 0.40597913 -1.78908960
-0.19806694 0.86632236 0.45853577 -0.20621993
-0.35443459 -0.49944993 0.79052254 -0.58967332
0.00000000 0.00000000 0.00000000 1.00000000
# frame 315
0.91608182 -0.00853493 0.40090055 -1.78738152
-0.19514718 0.86390344 0.46431501 -0.20655793
-0.35030225 -0.50358515 0.78974067 -0.59013882
0.00000000 0.00000000 0.00000000 1.00000000
# frame 316
0.92079392 -0.01097463 0.38989500 -1.78320260
-0.18897416 0.86189963 0.47055051 -0.20718333
-0.34121448 -0.50696014 0.79155802 -0.59173141
0.00000000 0.00000000 0.00000000 1.00000000
# frame 317
0.92252221 -0.01484222 0.38565849 -1.78088929
-0.18504159 0.85990929 0.47572643 -0.20844439
-0.33869215 -0.51023105 0.79053899 -0.59165036
0.00000000 0.00000000 0.00000000 1.00000000
# frame 318
0.92586495 -0.01771645 0.37743902 -1.77824436
-0.17904944 0.85906212 0.47953475 -0.20988056
-0.33273922 -0.51156466 0.79220339 -0.59198227
0.00000000 0.00000000 0.00000000 1.00000000
# frame 319
0.92712646 -0.02316301 0.37403208 -1.77711484
-0.17411424 0.85719417 0.48466729 -0.21159011
-0.33184448 -0.51447218 0.79069439 -0.59185013
0.00000000 0.00000000 0.00000000 1.00000000
# frame 320
0.93221527 -0.03194765 0.36049138 -1.77291017
-0.16147520 0.85473080 0.49331634 -0.21473719
-0.32388338 -0.51808744 0.79163436 -0.59247332
0.00000000 0.00000000 0.00000000 1.00000000
# frame 321
0.93585855 -0.03523880 0.35060948 -1.77072381
-0.15502514 0.85235040 0.49946572 -0.21626302
-0.31644270 -0.52178255 0.79221651 -0.59343225
0.00000000 0.00000000 0.00000000 1.00000000
# frame 322
0.93690432 -0.03858324 0.34745018 -1.76954456
-0.15188973 0.85024899 0.50399025 -0.21700468
-0.31486474 -0.52496476 0.79074155 -0.59325843
0.00000000 0.00000000 0.00000000 1.00000000
# frame 323
0.94681244 -0.04655316 0.31840069 -1.75936960
-0.13315972 0.84410112 0.51938598 -0.21942730
-0.29294144 -0.53415925 0.79300644 -0.59552299
0.00000000 0.00000000 0.00000000 1.00000000
# frame 324
0.94732834 -0.04625660 0.31690590 -1.75827466
-0.13335271 0.84268400 0.52163275 -0.21955922
-0.29118050 -0.53641775 0.79212999 -0.59544449
0.00000000 0.00000000 0.00000000 1.00000000
# frame 325
0.94878602 -0.05016640 0.31191091 -1.75642959
-0.12875417 0.84019133 0.52678353 -0.22002021
-0.28849168 -0.53996468 0.79070266 -0.59563418
0.00000000 0.00000000 0.00000000 1.00000000
# frame 326
0.94981620 -0.04945729 0.30887401 -1.75523514
-0.12714570 0.84113426 0.52566827 -0.21936558
-0.28580264 -0.53856024 0.79263467 -0.59593506
0.00000000 0.00000000 0.00000000 1.00000000
# frame 327
0.95152240 -0.05081003 0.30335369 -1.75234696
-0.12257677 0.84191723 0.52550006 -0.21989089
-0.28209938 -0.53720919 0.79487498 -0.59620240
0.00000000 0.00000000 0.00000000 1.00000000
# frame 328
0.95216919 -0.05312325 0.30091817 -1.75041013
-0.12042440 0.83983794 0.52931107 -0.22020865
-0.28084122 -0.54023158 0.79327048 -0.59590839
0.00000000 0.00000000 0.00000000 1.00000000
# frame 329
0.95231814 -0.05578676 0.29996331 -1.74908741
-0.11868569 0.83797457 0.53264653 -0.21995467
-0.28107625 -0.54285031 0.79139730 -0.59569660
0.00000000 0.00000000 0.00000000 1.00000000
# frame 330
0.95319385 -0.05853490 0.29663976 -1.74705937
-0.11542993 0.83632716 0.53594106 -0.22034615
-0.27945915 -0.54509683 0.79042522 -0.59521622
0.00000000 0.00000000 0.00000000 1.00000000
# frame 331
0.95299639 -0.06321693 0.29631318 -1.74392055
-0.11264541 0.83395785 0.54020858 -0.22036690
-0.28126303 -0.54819515 0.78763773 -0.59374591
0.00000000 0.00000000 0.00000000 1.00000000
# frame 332
0.95483322 -0.06632270 0.28964603 -1.74073866
-0.10742173 0.83179783 0.54458511 -0.22109323
-0.27704530 -0.55110223 0.78710370 -0.59322819
0.00000000 0.00000000 0.00000000 1.00000000
# frame 333
0.95714807 -0.07951926 0.27846769 -1.73265714
-0.09227829 0.82769726 0.55353587 -0.22286426
-0.27450371 -0.55551231 0.78489094 -0.58968629
0.00000000 0.00000000 0.00000000 1.00000000
# frame 334
0.95798146 -0.08495901 0.27395891 -1.72887572
-0.08663045 0.82481969 0.55871965 -0.22342601
-0.27343498 -0.55897625 0.78280193 -0.58790347
0.00000000 0.00000000 0.00000000 1.00000000
# frame 335
0.95951698 -0.08861147 0.26734842 -1.72642763
-0.08069619 0.82293362 0.56237744 -0.22396399
-0.26984309 -0.56118470 0.78246817 -0.58762707
0.00000000 0.00000000 0.00000000 1.00000000
# frame 336
0.96074558 -0.08905522 0.26274912 -1.72483626
-0.07861022 0.82087960 0.56566519 -0.22367759
-0.26606084 -0.56411510 0.78165580 -0.58749973
0.00000000 0.00000000 0.00000000 1.00000000
# frame 337
0.96247704 -0.08927159 0.25625873 -1.72308322
-0.07574325 0.81842845 0.56959444 -0.22365119
-0.26057804 -0.56763144 0.78095687 -0.58767816
0.00000000 0.00000000 0.00000000 1.00000000
# frame 338
0.96540232 -0.08895985 0.24512140 -1.71989515
-0.07091698 0.81501113 0.57508925 -0.22298918
-0.25093652 -0.57257577 0.78050487 -0.58838188
0.00000000 0.00000000 0.00000000 1.00000000
# frame 339
0.96751330 -0.08897556 0.23664606 -1.71810041
-0.06730374 0.81160357 0.58031875 -0.22268907
-0.24369697 -0.57739328 0.77924886 -0.58922280
0.00000000 0.00000000 0.00000000 1.00000000
# frame 340
0.97015795 -0.08826849 0.22583673 -1.71634184
-0.06208003 0.80992119 0.58324415 -0.22214216
-0.23439204 -0.57985890 0.78027176 -0.58994787
0.00000000 0.00000000 0.00000000 1.00000000
# frame 341
0.97399476 -0.09067630 0.20763432 -1.71357994
-0.05156543 0.80365657 0.59285506 -0.22208571
-0.22062459 -0.58814448 0.77808153 -0.59088824
0.00000000 0.00000000 0.00000000 1.00000000
# frame 342
0.97539843 -0.09359431 0.19959461 -1.71213798
-0.04556246 0.80026061 0.59791891 -0.22171478
-0.21568951 -0.59230319 0.77630855 -0.59085294
0.00000000 0.00000000 0.00000000 1.00000000
# frame 343
0.98163914 -0.10824628 0.15705838 -1.70735508
-0.01287481 0.78390611 0.62074589 -0.22317835
-0.19031245 -0.61137056 0.76811927 -0.59072275
0.00000000 0.00000000 0.00000000 1.00000000
# frame 344
0.98288038 -0.11024982 0.14761821 -1.70655188
-0.00628787 0.78066802 0.62491432 -0.22320258
-0.18413750 -0.61514423 0.76661004 -0.59064903
0.00000000 0.00000000 0.00000000 1.00000000
# frame 345
0.98476731 -0.11811841 0.12759850 -1.70572839
0.00917073 0.76810383 0.64025964 -0.22296168
-0.17363535 -0.62933659 0.75748678 -0.59072289
0.00000000 0.00000000 0.00000000 1.00000000
# frame 346
0.98485262 -0.11992299 0.12523496 -1.70541331
0.01232259 0.76883950 0.63932307 -0.22152606
-0.17295512 -0.62809578 0.75867135 -0.59006803
0.00000000 0.00000000 0.00000000 1.00000000
# frame 347
0.98549425 -0.11887364 0.12112034 -1.70457261
0.01428251 0.76925771 0.63877898 -0.22107465
-0.16910673 -0.62778311 0.75979687 -0.58919688
0.00000000 0.00000000 0.00000000 1.00000000
# frame 348
0.98519733 -0.12208824 0.12033568 -1.70438029
0.01572730 0.76338951 0.64574694 -0.22037249
-0.17070110 -0.63429561 0.75400943 -0.58788437
0.00000000 0.00000000 0.00000000 1.00000000
# frame 349
0.98376038 -0.12991323 0.12384694 -1.70142214
0.01875238 0.76062295 0.64892301 -0.21675581
-0.17850451 -0.63606232 0.75070691 -0.58256932
0.00000000 0.00000000 0.00000000 1.00000000
# frame 350
0.98385246 -0.12926174 0.12379717 -1.70080139
0.01823506 0.76046921 0.64911791 -0.21595914
-0.17805004 -0.63637881 0.75054660 -0.58019170
0.00000000 0.00000000 0.00000000 1.00000000
# frame 351
0.98285748 -0.13667201 0.12374143 -1.70041697
0.02382263 0.75968687 0.64985255 -0.21464648
-0.18282139 -0.63576459 0.74991981 -0.57578105
0.00000000 0.00000000 0.00000000 1.00000000
# frame 352
0.98365149 -0.13572203 0.11836077 -1.70060253
0.02687712 0.76054150 0.64873280 -0.21429561
-0.17806561 -0.63494579 0.75175560 -0.57477508
0.00000000 0.00000000 0.00000000 1.00000000
# frame 353
0.98545004 -0.13851257 0.09850122 -1.70386670
0.03850422 0.74640287 0.66437955 -0.21263561
-0.16554651 -0.65092014 0.74087605 -0.57256426
0.00000000 0.00000000 0.00000000 1.00000000
# frame 354
0.98775097 -0.13380473 0.08027654 -1.70540895
0.04404202 0.73261671 0.67921502 -0.21155957
-0.14969412 -0.66735975 0.72953590 -0.57384922
0.00000000 0.00000000 0.00000000 1.00000000
# frame 355
0.98883651 -0.12931418 0.07402842 -1.70587799
0.04395680 0.72787085 0.68430389 -0.21036921
-0.14237333 -0.67341062 0.72542951 -0.57453705
0.00000000 0.00000000 0.00000000 1.00000000
# frame 356
0.98905731 -0.12923541 0.07116074 -1.70671827
0.04484583 0.72287967 0.68951711 -0.20994512
-0.14055068 -0.67878067 0.72076509 -0.57525916
0.00000000 0.00000000 0.00000000 1.00000000
# frame 357
0.98946287 -0.13107491 0.06150285 -1.70777049
0.04849165 0.70025432 0.71224465 -0.20817810
-0.13642504 -0.70175726 0.69923169 -0.57591045
0.00000000 0.00000000 0.00000000 1.00000000
# frame 358
0.98993175 -0.12644208 0.06362021 -1.70771499
0.04425618 0.70342310 0.70939223 -0.20623562
-0.13444895 -0.69943430 0.70193670 -0.57637784
0.00000000 0.00000000 0.00000000 1.00000000
# frame 359
0.99038454 -0.12191919 0.06537710 -1.70811641
0.04034945 0.70659894 0.70646293 -0.20555689
-0.13232678 -0.69703203 0.70472404 -0.57608706
0.00000000 0.00000000 0.00000000 1.00000000
# frame 360
0.99061606 -0.12161741 0.06236206 -1.70803629
0.04096591 0.69951529 0.71344247 -0.20466990
-0.13039024 -0.70419285 0.69793325 -0.57594015
0.00000000 0.00000000 0.00000000 1.00000000
# frame 361
0.99063487 -0.12217455 0.06095853 -1.70838282
0.04204515 0.69772761 0.71512823 -0.20460417
-0.12990292 -0.70586795 0.69633014 -0.57640408
0.00000000 0.00000000 0.00000000 1.00000000
# frame 362
0.99100195 -0.12037379 0.05852590 -1.70898551
0.04186673 0.69409316 0.71866673 -0.20398878
-0.12713107 -0.70974984 0.69288733 -0.57733601
0.00000000 0.00000000 0.00000000 1.00000000
# frame 363
0.99190134 -0.11416950 0.05565128 -1.70957526
0.03921498 0.69204350 0.72078983 -0.20147995
-0.12080532 -0.71277004 0.69091602 -0.57952064
0.00000000 0.00000000 0.00000000 1.00000000
# frame 364
0.99207509 -0.11376790 0.05332807 -1.70947287
0.04005386 0.68864386 0.72399262 -0.20226454
-0.11909117 -0.71611905 0.68774327 -0.57987751
0.00000000 0.00000000 0.00000000 1.00000000
# frame 365
0.99222901 -0.11336705 0.05127867 -1.70977319
0.04052201 0.68408144 0.72827917 -0.20181006
-0.11764165 -0.72054181 0.68335931 -0.58044797
0.00000000 0.00000000 0.00000000 1.00000000
# frame 366
0.99283619 -0.10824161 0.05059692 -1.71010980
0.03716329 0.68220993 0.73021127 -0.20018261
-0.11355697 -0.72309983 0.68134533 -0.58171709
0.00000000 0.00000000 0.00000000 1.00000000
# frame 367
0.99296891 -0.10758121 0.04938660 -1.71005235
0.03743439 0.68116984 0.73116777 -0.19991591
-0.11230057 -0.72417811 0.68040771 -0.58183573
0.00000000 0.00000000 0.00000000 1.00000000
# frame 368
0.99316250 -0.10618405 0.04850967 -1.71055950
0.03607023 0.67432171 0.73755622 -0.19875049
-0.11102783 -0.73076343 0.67354112 -0.58294408
0.00000000 0.00000000 0.00000000 1.00000000
# frame 369
0.99350920 -0.10368647 0.04678229 -1.71071709
0.03568556 0.67460390 0.73731684 -0.19806189
-0.10800930 -0.73086161 0.67392529 -0.58374555
0.00000000 0.00000000 0.00000000 1.00000000
# frame 370
0.99366777 -0.10297321 0.04495415 -1.71068853
0.03637496 0.67337106 0.73840929 -0.19808909
-0.10630720 -0.73209831 0.67285277 -0.58410149
0.00000000 0.00000000 0.00000000 1.00000000
# frame 371
0.99367197 -0.10478043 0.04046073 -1.71067726
0.03915166 0.66074267 0.74959074 -0.19734362
-0.10527658 -0.74326320 0.66066380 -0.58462706
0.00000000 0.00000000 0.00000000 1.00000000
# frame 372
0.99382326 -0.10410485 0.03843834 -1.71020132
0.04033762 0.66155812 0.74880821 -0.19756298
-0.10338376 -0.74263250 0.66167119 -0.58502358
0.00000000 0.00000000 0.00000000 1.00000000
# frame 373
0.99372508 -0.10647432 0.03425905 -1.71075862
0.04411529 0.65456511 0.75471740 -0.19959960
-0.10278280 -0.74847027 0.65515491 -0.58548816
0.00000000 0.00000000 0.00000000 1.00000000
# frame 374
0.99378303 -0.10644307 0.03263668 -1.71083319
0.04487705 0.65125318 0.75753240 -0.19929222
-0.10188882 -0.75135821 0.65198122 -0.58566809
0.00000000 0.00000000 0.00000000 1.00000000
# frame 375
0.99408959 -0.10316037 0.03382051 -1.71031713
0.04255224 0.65685444 0.75281575 -0.19816991
-0.09987590 -0.74692716 0.65736186 -0.58556343
0.00000000 0.00000000 0.00000000 1.00000000
# frame 376
0.99407926 -0.10265530 0.03561339 -1.71052948
0.04098602 0.65780516 0.75207215 -0.19884282
-0.10063086 -0.74615968 0.65811790 -0.58556078
0.00000000 0.00000000 0.00000000 1.00000000
# frame 377
0.99410920 -0.10307379 0.03350661 -1.71010949
0.04235977 0.65405885 0.75525669 -0.19858713
-0.09976246 -0.74938829 0.65457211 -0.58524148
0.00000000 0.00000000 0.00000000 1.00000000
# frame 378
0.99417471 -0.10294470 0.03192216 -1.71008021
0.04331101 0.65279128 0.75629869 -0.19873630
-0.09869545 -0.75051045 0.65344722 -0.58524265
0.00000000 0.00000000 0.00000000 1.00000000
# frame 379
0.99433344 -0.10184423 0.03047559 -1.71029518
0.04360563 0.65219534 0.75679573 -0.19914452
-0.09695131 -0.75117840 0.65294062 -0.58568710
0.00000000 0.00000000 0.00000000 1.00000000
# frame 380
0.99436838 -0.10105790 0.03191893 -1.71045053
0.04213755 0.65335797 0.75587551 -0.19953885
-0.09724168 -0.75027373 0.65393684 -0.58606033
0.00000000 0.00000000 0.00000000 1.00000000
# frame 381
0.99431409 -0.10124858 0.03298803 -1.71039675
0.04171891 0.65540466 0.75412483 -0.20005404
-0.09797458 -0.74846073 0.65590207 -0.58590390
0.00000000 0.00000000 0.00000000 1.00000000
# frame 382
0.99427573 -0.10164591 0.03292234 -1.71083774
0.04187148 0.65417485 0.75518346 -0.20101373
-0.09829828 -0.74948207 0.65468624 -0.58621427
0.00000000 0.00000000 0.00000000 1.00000000
# frame 383
0.99405658 -0.10590267 0.02522188 -1.71053538
0.05006132 0.65041077 0.75793119 -0.20444522
-0.09667152 -0.75216385 0.65184673 -0.58546657
0.00000000 0.00000000 0.00000000 1.00000000
# frame 384
0.99417177 -0.10574611 0.02098240 -1.71044509
0.05325747 0.65095455 0.75724620 -0.20511433
-0.09373443 -0.75171533 0.65279241 -0.58505725
0.00000000 0.00000000 0.00000000 1.00000000
# frame 385
0.99411077 -0.10646393 0.02022877 -1.71051521
0.05484963 0.65530516 0.75337021 -0.20688464
-0.09346277 -0.74782390 0.65728543 -0.58506539
0.00000000 0.00000000 0.00000000 1.00000000
# frame 386
0.99397198 -0.10749216 0.02156717 -1.71037187
0.05465569 0.65636965 0.75245707 -0.20767249
-0.09503927 -0.74674247 0.65828810 -0.58470930
0.00000000 0.00000000 0.00000000 1.00000000
# frame 387
0.99380834 -0.10964716 0.01795811 -1.71006541
0.05893286 0.65721383 0.75139663 -0.20987384
-0.09419083 -0.74568592 0.65960640 -0.58463317
0.00000000 0.00000000 0.00000000 1.00000000
# frame 388
0.99386795 -0.10932339 0.01658024 -1.71072779
0.05986043 0.65803456 0.75060459 -0.21070698
-0.09296901 -0.74500934 0.66054360 -0.58463917
0.00000000 0.00000000 0.00000000 1.00000000
# frame 389
0.99404655 -0.10786382 0.01539015 -1.71089531
0.06011910 0.66079104 0.74815833 -0.21126906
-0.09086889 -0.74277897 0.66334173 -0.58494158
0.00000000 0.00000000 0.00000000 1.00000000
# frame 390
0.99408474 -0.10726305 0.01703418 -1.71118585
0.05863183 0.66204028 0.74717132 -0.21153271
-0.09142119 -0.74175286 0.66441317 -0.58508296
0.00000000 0.00000000 0.00000000 1.00000000
# frame 391
0.99407707 -0.10707430 0.01859779 -1.71171910
0.05742953 0.66284428 0.74655161 -0.21186516
-0.09226393 -0.74106177 0.66506753 -0.58480718
0.00000000 0.00000000 0.00000000 1.00000000
# frame 392
0.99409073 -0.10667188 0.02011809 -1.71215175
0.05610698 0.66356531 0.74601145 -0.21200836
-0.09292811 -0.74047430 0.66562916 -0.58442230
0.00000000 0.00000000 0.00000000 1.00000000
# frame 393
0.99456223 -0.10192496 0.02138394 -1.71353566
0.05195821 0.66357264 0.74630536 -0.21102065
-0.09025694 -0.74113606 0.66526012 -0.58331817
0.00000000 0.00000000 0.00000000 1.00000000
# frame 394
0.99414616 -0.10481585 0.02621174 -1.71377511
0.05011835 0.66230223 0.74755863 -0.21029357
-0.09571608 -0.74186885 0.66367842 -0.58103588
0.00000000 0.00000000 0.00000000 1.00000000
# frame 395
0.99401153 -0.10573260 0.02759870 -1.71327179
0.04976721 0.66287472 0.74707451 -0.21010318
-0.09728461 -0.74122717 0.66416714 -0.58028008
0.00000000 0.00000000 0.00000000 1.00000000
# frame 396
0.99366894 -0.10752667 0.03255836 -1.71306386
0.04728026 0.66311658 0.74702140 -0.20972690
-0.10191471 -0.74075260 0.66400224 -0.57899317
0.00000000 0.00000000 0.00000000 1.00000000
# frame 397
0.99363678 -0.10765807 0.03310120 -1.71233582
0.04676176 0.66167650 0.74832984 -0.20980923
-0.10246603 -0.74202018 0.66250039 -0.57821830
0.00000000 0.00000000 0.00000000 1.00000000
# frame 398
0.99365813 -0.10721574 0.03388675 -1.71260932
0.04568270 0.66030235 0.74960916 -0.21053597
-0.10274540 -0.74330720 0.66101270 -0.57840361
0.00000000 0.00000000 0.00000000 1.00000000
# frame 399
0.99368435 -0.10707483 0.03356179 -1.71279412
0.04561371 0.65870785 0.75101489 -0.21124657
-0.10252221 -0.74474086 0.65943176 -0.57803853
0.00000000 0.00000000 0.00000000 1.00000000
# frame 400
0.99334269 -0.11067359 0.03196334 -1.71266424
0.04907745 0.65760544 0.75176226 -0.21338141
-0.10421950 -0.74518887 0.65865913 -0.57704843
0.00000000 0.00000000 0.00000000 1.00000000
# frame 401
0.99329397 -0.11147042 0.03068285 -1.71242868
0.05066230 0.65819813 0.75113817 -0.21440837
-0.10392508 -0.74454655 0.65943158 -0.57613924
0.00000000 0.00000000 0.00000000 1.00000000
# frame 402
0.99290061 -0.11515198 0.02980616 -1.71218128
0.05371929 0.65768356 0.75137645 -0.21623845
-0.10612551 -0.74444097 0.65920029 -0.57508266
0.00000000 0.00000000 0.00000000 1.00000000
# frame 403
0.99195083 -0.12195610 0.03406252 -1.71052328
0.05670283 0.66835421 0.74167880 -0.22271728
-0.11321809 -0.73377746 0.66988977 -0.57171329
0.00000000 0.00000000 0.00000000 1.00000000
# frame 404
0.99129289 -0.12759231 0.03253619 -1.70969810
0.06147651 0.66697344 0.74254095 -0.22468756
-0.11644329 -0.73407536 0.66900996 -0.57005373
0.00000000 0.00000000 0.00000000 1.00000000
# frame 405
0.99082946 -0.13163054 0.03050227 -1.70961218
0.06525888 0.66386305 0.74500143 -0.22683735
-0.11831427 -0.73617882 0.66636513 -0.56843435
0.00000000 0.00000000 0.00000000 1.00000000
# frame 406
0.99101990 -0.12932193 0.03399098 -1.70928772
0.06117659 0.66455379 0.74473195 -0.22698413
-0.11889901 -0.73596474 0.66649751 -0.56835790
0.00000000 0.00000000 0.00000000 1.00000000
# frame 407
0.99086220 -0.13026176 0.03498538 -1.70875877
0.06108199 0.66463360 0.74466850 -0.22706544
-0.12025429 -0.73572689 0.66651696 -0.56793179
0.00000000 0.00000000 0.00000000 1.00000000
# frame 408
0.99111671 -0.13009113 0.02763988 -1.70887316
0.06616322 0.66258507 0.74605861 -0.22850922
-0.11536938 -0.73760241 0.66530639 -0.56841541
0.00000000 0.00000000 0.00000000 1.00000000
