# frame 0
1.00000000 0.00000000 0.00000000 0.00000000
0.00000000 1.00000000 0.00000000 0.00000000
0.00000000 0.00000000 1.00000000 0.00000000
0.00000000 0.00000000 0.00000000 1.00000000
# frame 1
0.99999878 0.00024005 0.00154599 -0.00011170
-0.00024741 0.99998864 0.00476022 -0.00008139
-0.00154483 -0.00476060 0.99998748 -0.00001145
0.00000000 0.00000000 0.00000000 1.00000000
# frame 2
0.99999659 -0.00123237 -0.00230181 0.00039322
0.00124421 0.99998597 0.00514912 -0.00118915
0.00229543 -0.00515197 0.99998409 -0.00126792
0.00000000 0.00000000 0.00000000 1.00000000
# frame 3
0.99998872 -0.00096520 -0.00465169 0.00070229
0.00099603 0.99997752 0.00663082 -0.00125374
0.00464518 -0.00663538 0.99996720 -0.00162937
0.00000000 0.00000000 0.00000000 1.00000000
# frame 4
0.99998731 -0.00200213 -0.00462250 0.00028954
0.00201778 0.99999224 0.00338398 -0.00008192
0.00461568 -0.00339326 0.99998359 -0.00186259
0.00000000 0.00000000 0.00000000 1.00000000
# frame 5
0.99997497 0.00115067 -0.00698057 0.00026619
-0.00112891 0.99999450 0.00311974 0.00097061
0.00698413 -0.00311178 0.99997077 -0.00224978
0.00000000 0.00000000 0.00000000 1.00000000
# frame 6
0.99996380 0.00089402 -0.00846141 0.00117889
-0.00083995 0.99997922 0.00639195 0.00003117
0.00846695 -0.00638461 0.99994377 -0.00183586
0.00000000 0.00000000 0.00000000 1.00000000
# frame 7
0.99997447 0.00062427 -0.00711873 0.00146671
-0.00056976 0.99997053 0.00765633 0.00008048
0.00712330 -0.00765208 0.99994535 -0.00135817
0.00000000 0.00000000 0.00000000 1.00000000
# frame 8
0.99999216 0.00012738 -0.00395681 0.00224123
-0.00009080 0.99995727 0.00924362 -0.00016265
0.00395782 -0.00924318 0.99994945 -0.00028155
0.00000000 0.00000000 0.00000000 1.00000000
# frame 9
0.99999578 -0.00075701 -0.00280403 0.00250646
0.00078691 0.99994265 0.01068098 -0.00037536
0.00279578 -0.01068315 0.99993903 0.00015108
0.00000000 0.00000000 0.00000000 1.00000000
# frame 10
0.99999926 -0.00041962 -0.00114588 0.00240766
0.00043352 0.99992596 0.01216114 -0.00039765
0.00114069 -0.01216163 0.99992539 0.00008425
0.00000000 0.00000000 0.00000000 1.00000000
# frame 11
0.99999932 -0.00101815 0.00057260 0.00262317
0.00101035 0.99990873 0.01347283 -0.00049818
-0.00058627 -0.01347224 0.99990907 0.00037854
0.00000000 0.00000000 0.00000000 1.00000000
# frame 12
0.99999612 -0.00170418 0.00220535 0.00271147
0.00167007 0.99988035 0.01537836 -0.00074373
-0.00223129 -0.01537462 0.99987931 0.00067119
0.00000000 0.00000000 0.00000000 1.00000000
# frame 13
0.99999166 -0.00198788 0.00356753 0.00284917
0.00193369 0.99988368 0.01512907 0.00032480
-0.00359719 -0.01512205 0.99987918 0.00075027
0.00000000 0.00000000 0.00000000 1.00000000
# frame 14
0.99999164 -0.00308508 0.00268397 0.00386490
0.00303384 0.99981695 0.01889085 -0.00069309
-0.00274176 -0.01888255 0.99981795 0.00068081
0.00000000 0.00000000 0.00000000 1.00000000
# frame 15
0.99997692 -0.00572122 0.00366488 0.00449919
0.00565040 0.99980256 0.01905019 0.00032525
-0.00377314 -0.01902904 0.99981181 0.00121996
0.00000000 0.00000000 0.00000000 1.00000000
# frame 16
0.99996873 -0.00586658 0.00530394 0.00430819
0.00575499 0.99976679 0.02081476 0.00025740
-0.00542482 -0.02078358 0.99976928 0.00101478
0.00000000 0.00000000 0.00000000 1.00000000
# frame 17
0.99994735 -0.00806708 0.00634264 0.00441904
0.00792954 0.99973915 0.02141855 0.00023097
-0.00651377 -0.02136712 0.99975048 0.00072503
0.00000000 0.00000000 0.00000000 1.00000000
# frame 18
0.99937485 -0.03511568 0.00409796 0.00471836
0.03501603 0.99913845 0.02227612 0.00002262
-0.00487667 -0.02211870 0.99974346 0.00277107
0.00000000 0.00000000 0.00000000 1.00000000
# frame 19
0.99920815 -0.03909390 0.00739808 0.00474027
0.03890634 0.99895475 0.02399399 -0.00015535
-0.00832836 -0.02368716 0.99968473 0.00371261
0.00000000 0.00000000 0.00000000 1.00000000
# frame 20
0.99903247 -0.04318057 0.00834091 0.00496772
0.04300519 0.99887120 0.02017144 0.00073082
-0.00920251 -0.01979322 0.99976174 0.00473253
0.00000000 0.00000000 0.00000000 1.00000000
# frame 21
0.99883678 -0.04797623 0.00483485 0.00513033
0.04785797 0.99860824 0.02216300 0.00029269
-0.00589142 -0.02190583 0.99974268 0.00547959
0.00000000 0.00000000 0.00000000 1.00000000
# frame 22
0.99873571 -0.04985443 0.00644393 0.00542538
0.04969701 0.99850782 0.02263492 0.00071961
-0.00756276 -0.02228605 0.99972303 0.00612899
0.00000000 0.00000000 0.00000000 1.00000000
# frame 23
0.99830356 -0.05759885 0.00850694 0.00605099
0.05735742 0.99800666 0.02632189 -0.00005507
-0.01000609 -0.02578930 0.99961732 0.00630162
0.00000000 0.00000000 0.00000000 1.00000000
# frame 24
0.99796347 -0.06281830 0.01108072 0.00647310
0.06250331 0.99768511 0.02679088 0.00046750
-0.01273803 -0.02604374 0.99957964 0.00761171
0.00000000 0.00000000 0.00000000 1.00000000
# frame 25
0.99760027 -0.06818287 0.01203358 0.00638770
0.06780858 0.99727187 0.02916864 0.00026952
-0.01398955 -0.02828266 0.99950207 0.00788525
0.00000000 0.00000000 0.00000000 1.00000000
# frame 26
0.99727644 -0.07283035 0.01163792 0.00634977
0.07243662 0.99688255 0.03127472 -0.00007899
-0.01387939 -0.03034653 0.99944307 0.00931032
0.00000000 0.00000000 0.00000000 1.00000000
# frame 27
0.99669893 -0.08004945 0.01353988 0.00654002
0.07961350 0.99636988 0.03014547 0.00053070
-0.01590386 -0.02896800 0.99945381 0.00957519
0.00000000 0.00000000 0.00000000 1.00000000
# frame 28
0.99539767 -0.09469316 0.01472022 0.00434721
0.09426915 0.99517416 0.02723453 0.00261092
-0.01722810 -0.02572152 0.99952068 0.01068478
0.00000000 0.00000000 0.00000000 1.00000000
# frame 29
0.99435258 -0.10513485 0.01447779 0.00444053
0.10463115 0.99399598 0.03200496 0.00238193
-0.01775570 -0.03030939 0.99938285 0.01158363
0.00000000 0.00000000 0.00000000 1.00000000
# frame 30
0.99374412 -0.11054891 0.01586059 0.00410003
0.11002241 0.99344794 0.03092348 0.00328694
-0.01917523 -0.02898500 0.99939591 0.01177508
0.00000000 0.00000000 0.00000000 1.00000000
# frame 31
0.99314080 -0.11583233 0.01594464 0.00402475
0.11532819 0.99288749 0.02956090 0.00455162
-0.01925535 -0.02751927 0.99943580 0.01199676
0.00000000 0.00000000 0.00000000 1.00000000
# frame 32
0.99291635 -0.11788406 0.01484858 0.00401981
0.11740379 0.99263468 0.02987887 0.00505683
-0.01826146 -0.02792394 0.99944323 0.01225972
0.00000000 0.00000000 0.00000000 1.00000000
# frame 33
0.99271400 -0.11945701 0.01577783 0.00303322
0.11899663 0.99251489 0.02745884 0.00667763
-0.01893988 -0.02538126 0.99949841 0.01219115
0.00000000 0.00000000 0.00000000 1.00000000
# frame 34
0.99174333 -0.12719880 0.01629800 0.00269485
0.12661827 0.99141126 0.03273428 0.00577769
-0.02032178 -0.03040038 0.99933120 0.01300702
0.00000000 0.00000000 0.00000000 1.00000000
# frame 35
0.99083748 -0.13410379 0.01603920 0.00293930
0.13350380 0.99046625 0.03396087 0.00570818
-0.02044056 -0.03150841 0.99929445 0.01349134
0.00000000 0.00000000 0.00000000 1.00000000
# frame 36
0.98984607 -0.14110141 0.01717983 0.00257041
0.14042659 0.98944989 0.03562716 0.00574261
-0.02202562 -0.03285290 0.99921747 0.01379632
0.00000000 0.00000000 0.00000000 1.00000000
# frame 37
0.98758355 -0.15576131 0.02042427 0.00256083
0.15492172 0.98720638 0.03772036 0.00630115
-0.02603834 -0.03408785 0.99907959 0.01464243
0.00000000 0.00000000 0.00000000 1.00000000
# frame 38
0.98319067 -0.18151589 0.01969999 0.00132674
0.18074024 0.98287799 0.03583058 0.00895370
-0.02586650 -0.03166771 0.99916369 0.01523135
0.00000000 0.00000000 0.00000000 1.00000000
# frame 39
0.98204380 -0.18767692 0.01916609 0.00095819
0.18684798 0.98163520 0.03847297 0.00936378
-0.02603460 -0.03420099 0.99907582 0.01532682
0.00000000 0.00000000 0.00000000 1.00000000
# frame 40
0.98122484 -0.19197638 0.01851730 -0.00005096
0.19126135 0.98092335 0.03476319 0.01078319
-0.02483776 -0.03056886 0.99922401 0.01469863
0.00000000 0.00000000 0.00000000 1.00000000
# frame 41
0.97926841 -0.20175994 0.01806418 -0.00047086
0.20107663 0.97898829 0.03391341 0.01107529
-0.02452698 -0.02957804 0.99926151 0.01437119
0.00000000 0.00000000 0.00000000 1.00000000
# frame 42
0.97528456 -0.22001970 0.02028208 -0.00040386
0.21924375 0.97505032 0.03477145 0.01236747
-0.02742645 -0.02946534 0.99918946 0.01546713
0.00000000 0.00000000 0.00000000 1.00000000
# frame 43
0.97252057 -0.23190408 0.02059709 -0.00022086
0.23124165 0.97242682 0.03022216 0.01390855
-0.02703781 -0.02462877 0.99933097 0.01584827
0.00000000 0.00000000 0.00000000 1.00000000
# frame 44
0.97233833 -0.23308713 0.01511806 0.00038858
0.23252570 0.97206641 0.03191688 0.01476041
-0.02213517 -0.02751866 0.99937618 0.01714137
0.00000000 0.00000000 0.00000000 1.00000000
# frame 45
0.97074524 -0.23951105 0.01697458 -0.00023992
0.23883320 0.97044603 0.03454287 0.01469294
-0.02474631 -0.02947823 0.99925905 0.01759213
0.00000000 0.00000000 0.00000000 1.00000000
# frame 46
0.96559080 -0.25914328 0.02188992 0.00040996
0.25847141 0.96557125 0.02940546 0.01523674
-0.02875650 -0.02273572 0.99932785 0.02010058
0.00000000 0.00000000 0.00000000 1.00000000
# frame 47
0.96398756 -0.26508711 0.02137314 0.00039592
0.26448813 0.96400455 0.02722612 0.01696709
-0.02782109 -0.02059270 0.99940078 0.02088625
0.00000000 0.00000000 0.00000000 1.00000000
# frame 48
0.95774250 -0.28648839 0.02556758 -0.00082142
0.28596996 0.95798329 0.02211804 0.01984458
-0.03082987 -0.01387183 0.99942838 0.02377732
0.00000000 0.00000000 0.00000000 1.00000000
# frame 49
0.95530788 -0.29462053 0.02419915 -0.00034800
0.29402976 0.95546355 0.02521711 0.01988516
-0.03055088 -0.01697483 0.99938906 0.02476071
0.00000000 0.00000000 0.00000000 1.00000000
# frame 50
0.95335179 -0.30092915 0.02370694 -0.00045994
0.30038053 0.95351430 0.02412510 0.02054105
-0.02986485 -0.01587861 0.99942782 0.02527814
0.00000000 0.00000000 0.00000000 1.00000000
# frame 51
0.95229098 -0.30461477 0.01875452 -0.00006068
0.30414171 0.95231429 0.02439927 0.02167247
-0.02529257 -0.01753117 0.99952636 0.02626976
0.00000000 0.00000000 0.00000000 1.00000000
# frame 52
0.94703864 -0.32047585 0.02032334 -0.00042212
0.31971518 0.94691913 0.03356142 0.01895845
-0.03000018 -0.02528628 0.99923000 0.02569106
0.00000000 0.00000000 0.00000000 1.00000000
# frame 53
0.94804590 -0.31750630 0.01996793 -0.00050878
0.31697292 0.94808126 0.02588617 0.02157588
-0.02715024 -0.01821198 0.99946545 0.02639831
0.00000000 0.00000000 0.00000000 1.00000000
# frame 54
0.94592381 -0.32383335 0.01897623 -0.00110634
0.32319702 0.94584442 0.03036492 0.02138485
-0.02778173 -0.02258984 0.99935873 0.02651630
0.00000000 0.00000000 0.00000000 1.00000000
# frame 55
0.94326817 -0.33165221 0.01587349 -0.00065779
0.33089198 0.94291304 0.03775580 0.02088241
-0.02748912 -0.03036143 0.99916091 0.02721898
0.00000000 0.00000000 0.00000000 1.00000000
# frame 56
0.94393851 -0.32987881 0.01265153 -0.00017827
0.32929180 0.94359001 0.03471023 0.02261005
-0.02338803 -0.02859828 0.99931734 0.02779560
0.00000000 0.00000000 0.00000000 1.00000000
# frame 57
0.94130016 -0.33735478 0.01207293 -0.00022415
0.33667162 0.94080097 0.03931600 0.02147304
-0.02462166 -0.03294354 0.99915389 0.02776947
0.00000000 0.00000000 0.00000000 1.00000000
# frame 58
0.92978729 -0.36746951 0.02148831 0.00080680
0.36629937 0.92943074 0.04453395 0.02328517
-0.03633677 -0.03353594 0.99877674 0.02948323
0.00000000 0.00000000 0.00000000 1.00000000
# frame 59
0.92700344 -0.37414616 0.02606266 0.00130659
0.37256203 0.92661643 0.05078896 0.02394775
-0.04315258 -0.03737158 0.99836928 0.03042583
0.00000000 0.00000000 0.00000000 1.00000000
# frame 60
0.92087651 -0.38842029 0.03340868 0.00232200
0.38634144 0.92069979 0.05524667 0.02484820
-0.05221829 -0.03796820 0.99791366 0.03080289
0.00000000 0.00000000 0.00000000 1.00000000
# frame 61
0.91876801 -0.39374959 0.02875079 0.00315668
0.39185328 0.91837186 0.05517367 0.02680615
-0.04812852 -0.03942571 0.99806275 0.03108607
0.00000000 0.00000000 0.00000000 1.00000000
# frame 62
0.91684714 -0.39827833 0.02767110 0.00269923
0.39637233 0.91636623 0.05623094 0.02834374
-0.04775242 -0.04058712 0.99803426 0.03172398
0.00000000 0.00000000 0.00000000 1.00000000
# frame 63
0.91430192 -0.40405674 0.02810952 0.00276743
0.40191023 0.91366625 0.06068076 0.02672548
-0.05020119 -0.04418303 0.99776134 0.03172340
0.00000000 0.00000000 0.00000000 1.00000000
# frame 64
0.91003579 -0.41380596 0.02448443 0.00242619
0.41171161 0.90914669 0.06281592 0.02666450
-0.04825354 -0.04708422 0.99772475 0.03202776
0.00000000 0.00000000 0.00000000 1.00000000
# frame 65
0.91003224 -0.41363827 0.02728915 0.00178514
0.41161618 0.90946058 0.05876710 0.02846710
-0.04912673 -0.04224730 0.99789866 0.03198315
0.00000000 0.00000000 0.00000000 1.00000000
# frame 66
0.90903637 -0.41599828 0.02446047 0.00195475
0.41426693 0.90848951 0.05504290 0.02959079
-0.04511983 -0.03990283 0.99818433 0.03263824
0.00000000 0.00000000 0.00000000 1.00000000
# frame 67
0.90555623 -0.42403240 0.01282325 0.00228294
0.42238698 0.90402980 0.06572191 0.02925612
-0.03946082 -0.05409851 0.99775558 0.03336139
0.00000000 0.00000000 0.00000000 1.00000000
# frame 68
0.89863967 -0.43842935 0.01504810 0.00142094
0.43634498 0.89685520 0.07248309 0.02880704
-0.04527469 -0.05857002 0.99725611 0.03557436
0.00000000 0.00000000 0.00000000 1.00000000
# frame 69
0.89278004 -0.45011542 0.01843665 0.00270405
0.44765684 0.89100136 0.07563017 0.02750733
-0.05046939 -0.05926781 0.99696548 0.03642324
0.00000000 0.00000000 0.00000000 1.00000000
# frame 70
0.88841513 -0.45844083 0.02346380 0.00336594
0.45552049 0.88676766 0.07838488 0.02727659
-0.05674177 -0.05895007 0.99664701 0.03798280
0.00000000 0.00000000 0.00000000 1.00000000
# frame 71
0.87748291 -0.47848484 0.03280235 0.00418420
0.47443170 0.87600130 0.08681182 0.02514715
-0.07027305 -0.06061342 0.99568454 0.03989342
0.00000000 0.00000000 0.00000000 1.00000000
# frame 72
0.87552104 -0.48203771 0.03320466 0.00447646
0.47786259 0.87400611 0.08809458 0.02581106
-0.07148599 -0.06126140 0.99555853 0.04105233
0.00000000 0.00000000 0.00000000 1.00000000
# frame 73
0.87026774 -0.49138610 0.03426026 0.00377151
0.48711940 0.86886455 0.08825575 0.02634622
-0.07313518 -0.06011729 0.99550849 0.04237354
0.00000000 0.00000000 0.00000000 1.00000000
# frame 74
0.86369596 -0.50340087 0.02483658 0.00459562
0.49915564 0.86115772 0.09618226 0.02383477
-0.06980644 -0.07067492 0.99505383 0.04374338
0.00000000 0.00000000 0.00000000 1.00000000
# frame 75
0.85905723 -0.51134472 0.02339337 0.00380098
0.50687832 0.85614797 0.10042424 0.02278004
-0.07137959 -0.07441257 0.99466966 0.04565123
0.00000000 0.00000000 0.00000000 1.00000000
# frame 76
0.85617032 -0.51619181 0.02276818 0.00441016
0.51159592 0.85307441 0.10263364 0.02167392
-0.07240159 -0.07622377 0.99445862 0.04612899
0.00000000 0.00000000 0.00000000 1.00000000
# frame 77
0.85222125 -0.52275442 0.02113683 0.00561430
0.51778692 0.84853195 0.10904233 0.01957127
-0.07493764 -0.08198382 0.99381236 0.04811404
0.00000000 0.00000000 0.00000000 1.00000000
# frame 78
0.83947378 -0.54281510 0.02520972 0.00619455
0.53656137 0.83535339 0.11952663 0.01510483
-0.08593989 -0.08681291 0.99251088 0.05046789
0.00000000 0.00000000 0.00000000 1.00000000
# frame 79
0.83631284 -0.54763247 0.02606745 0.00641819
0.54122325 0.83224585 0.12018420 0.01373632
-0.08751130 -0.08640328 0.99240931 0.05071666
0.00000000 0.00000000 0.00000000 1.00000000
# frame 80
0.83167668 -0.55457931 0.02748969 0.00727243
0.54794535 0.82772352 0.12095315 0.01309991
-0.08983198 -0.08553107 0.99227751 0.05143754
0.00000000 0.00000000 0.00000000 1.00000000
# frame 81
0.82686544 -0.56160202 0.02994510 0.00687622
0.55450655 0.82299335 0.12330626 0.01191818
-0.09389366 -0.08535293 0.99191676 0.05165068
0.00000000 0.00000000 0.00000000 1.00000000
# frame 82
0.82027270 -0.57138657 0.02588613 0.00626596
0.56498059 0.81646998 0.11905335 0.01151333
-0.08916073 -0.08303105 0.99255036 0.05177011
0.00000000 0.00000000 0.00000000 1.00000000
# frame 83
0.81819021 -0.57436090 0.02596810 0.00634017
0.56766383 0.81416704 0.12202381 0.01062984
-0.09122808 -0.08509754 0.99218740 0.05211198
0.00000000 0.00000000 0.00000000 1.00000000
# frame 84
0.81512127 -0.57871359 0.02584390 0.00642919
0.57191593 0.81103931 0.12299354 0.01041957
-0.09213845 -0.08547411 0.99207091 0.05272747
0.00000000 0.00000000 0.00000000 1.00000000
# frame 85
0.81089177 -0.58474602 0.02294843 0.00671977
0.57787011 0.80630999 0.12621542 0.00948584
-0.09230751 -0.08908583 0.99173738 0.05316731
0.00000000 0.00000000 0.00000000 1.00000000
# frame 86
0.80749816 -0.58954725 0.01951305 0.00668090
0.58236081 0.80204368 0.13259650 0.00850594
-0.09382222 -0.09570780 0.99097801 0.05415702
0.00000000 0.00000000 0.00000000 1.00000000
# frame 87
0.80600639 -0.59170900 0.01530182 0.00746934
0.58482604 0.80008498 0.13357592 0.00891115
-0.09128083 -0.09871414 0.99092044 0.05469819
0.00000000 0.00000000 0.00000000 1.00000000
# frame 88
0.79207371 -0.60999954 0.02279893 0.00781037
0.60060339 0.78545817 0.14943570 0.00683619
-0.10906331 -0.10467097 0.98850856 0.05808146
0.00000000 0.00000000 0.00000000 1.00000000
# frame 89
0.78958626 -0.61342318 0.01629554 0.00890278
0.60417030 0.78177491 0.15429266 0.00635038
-0.10738614 -0.11198208 0.98789080 0.05863169
0.00000000 0.00000000 0.00000000 1.00000000
# frame 90
0.78521404 -0.61900915 0.01632717 0.00895235
0.60888139 0.77662906 0.16158823 0.00452276
-0.11270474 -0.11694004 0.98672320 0.06057816
0.00000000 0.00000000 0.00000000 1.00000000
# frame 91
0.78024189 -0.62522380 0.01782647 0.00933508
0.61438353 0.77143525 0.16559149 0.00340172
-0.11728371 -0.11824912 0.98603330 0.06166580
0.00000000 0.00000000 0.00000000 1.00000000
# frame 92
0.77715316 -0.62896291 0.02094329 0.01003817
0.61757835 0.76863752 0.16671339 0.00292821
-0.12095433 -0.11662772 0.98578295 0.06209658
0.00000000 0.00000000 0.00000000 1.00000000
# frame 93
0.77086240 -0.63662748 0.02183146 0.01056869
0.62424868 0.76180918 0.17309058 0.00142770
-0.12682563 -0.11980076 0.98466392 0.06328391
0.00000000 0.00000000 0.00000000 1.00000000
# frame 94
0.76575363 -0.64268393 0.02405727 0.01114480
0.62959854 0.75674677 0.17589770 0.00019120
-0.13125189 -0.11954788 0.98411445 0.06402248
0.00000000 0.00000000 0.00000000 1.00000000
# frame 95
0.75403932 -0.65578290 0.03706066 0.01216459
0.64044119 0.74657983 0.18014893 -0.00055768
-0.14580733 -0.11210421 0.98294093 0.06526211
0.00000000 0.00000000 0.00000000 1.00000000
# frame 96
0.74759288 -0.66296146 0.03983702 0.01321799
0.64630678 0.74000286 0.18623457 -0.00244141
-0.15294585 -0.11348071 0.98169735 0.06619266
0.00000000 0.00000000 0.00000000 1.00000000
# frame 97
0.73446241 -0.67686398 0.04919474 0.01510833
0.65841728 0.72825988 0.19006373 -0.00417388
-0.16447385 -0.10720400 0.98053845 0.06747152
0.00000000 0.00000000 0.00000000 1.00000000
# frame 98
0.71176060 -0.69923001 0.06688974 0.01643235
0.67602896 0.70776210 0.20507962 -0.00702791
-0.19073985 -0.10074820 0.97645692 0.07107274
0.00000000 0.00000000 0.00000000 1.00000000
# frame 99
0.70748115 -0.70323787 0.07019199 0.01652675
0.67999940 0.70441233 0.20347996 -0.00715855
-0.19253892 -0.09622772 0.97655977 0.07156416
0.00000000 0.00000000 0.00000000 1.00000000
# frame 100
0.69665876 -0.71341175 0.07556617 0.01733561
0.68844372 0.69444333 0.20926945 -0.00932596
-0.20177171 -0.09376634 0.97493387 0.07253705
0.00000000 0.00000000 0.00000000 1.00000000
# frame 101
0.69085155 -0.71886311 0.07720081 0.01802222
0.69263250 0.68867352 0.21445048 -0.01013522
-0.20732669 -0.09468166 0.97367912 0.07290843
0.00000000 0.00000000 0.00000000 1.00000000
# frame 102
0.67917049 -0.72963590 0.07974269 0.01885722
0.70205626 0.67747793 0.21940979 -0.01158240
-0.21411317 -0.09303280 0.97236847 0.07322866
0.00000000 0.00000000 0.00000000 1.00000000
# frame 103
0.67066530 -0.73682620 0.08541194 0.01915967
0.70774083 0.67012198 0.22369498 -0.01298220
-0.22206075 -0.08957494 0.97090955 0.07366511
0.00000000 0.00000000 0.00000000 1.00000000
# frame 104
0.66257509 -0.74384026 0.08772643 0.02119590
0.71423114 0.66274230 0.22504783 -0.01390940
-0.22553965 -0.08645414 0.97039041 0.07378573
0.00000000 0.00000000 0.00000000 1.00000000
# frame 105
0.64819685 -0.75562310 0.09420499 0.02142323
0.72322495 0.64962505 0.23437782 -0.01640464
-0.23829922 -0.08379156 0.96757039 0.07537138
0.00000000 0.00000000 0.00000000 1.00000000
# frame 106
0.64251751 -0.76021002 0.09618720 0.02263537
0.72745531 0.64459087 0.23518373 -0.01656158
-0.24079042 -0.08113777 0.96717973 0.07575366
0.00000000 0.00000000 0.00000000 1.00000000
# frame 107
0.62694758 -0.77131450 0.10959325 0.02316713
0.73685355 0.63275890 0.23803994 -0.01670067
-0.25294976 -0.06848439 0.96505249 0.07804648
0.00000000 0.00000000 0.00000000 1.00000000
# frame 108
0.59665508 -0.79234270 0.12726257 0.02541456
0.74869024 0.60669615 0.26717542 -0.02014784
-0.28890421 -0.06413133 0.95520759 0.08414298
0.00000000 0.00000000 0.00000000 1.00000000
# frame 109
0.58974830 -0.79800870 0.12401235 0.02726916
0.75196563 0.59861970 0.27604734 -0.02164589
-0.29452442 -0.06954542 0.95311007 0.08583966
0.00000000 0.00000000 0.00000000 1.00000000
# frame 110
0.58144561 -0.80322429 0.12942852 0.02740474
0.75625926 0.59225154 0.27804685 -0.02124077
-0.29998822 -0.06378761 0.95180786 0.08708343
0.00000000 0.00000000 0.00000000 1.00000000
# frame 111
0.57024271 -0.81094240 0.13113228 0.02900528
0.75877030 0.58112983 0.29420359 -0.02407892
-0.31478704 -0.06826817 0.94670406 0.08943898
0.00000000 0.00000000 0.00000000 1.00000000
# frame 112
0.56118326 -0.81624086 0.13720138 0.02965029
0.76230976 0.57427595 0.29848110 -0.02435664
-0.32242392 -0.06291265 0.94450241 0.09082142
0.00000000 0.00000000 0.00000000 1.00000000
# frame 113
0.55782474 -0.81842534 0.13788225 0.03078163
0.76231590 0.57093366 0.30481015 -0.02405889
-0.32818596 -0.06492081 0.94237957 0.09114457
0.00000000 0.00000000 0.00000000 1.00000000
# frame 114
0.55169678 -0.82310709 0.13463055 0.03218391
0.76550619 0.56380138 0.31004561 -0.02460537
-0.33110564 -0.06799064 0.94114097 0.09216216
0.00000000 0.00000000 0.00000000 1.00000000
# frame 115
0.54180084 -0.82943783 0.13595860 0.03422826
0.76538112 0.55372249 0.32799871 -0.02678659
-0.34733788 -0.07364983 0.93484336 0.09442755
0.00000000 0.00000000 0.00000000 1.00000000
# frame 116
0.53688176 -0.83263791 0.13591207 0.03551704
0.76507584 0.54840855 0.33750115 -0.02743990
-0.35555159 -0.07721517 0.93146169 0.09566371
0.00000000 0.00000000 0.00000000 1.00000000
# frame 117
0.52964540 -0.83757127 0.13397804 0.03706660
0.76713400 0.54039509 0.34565672 -0.02818683
-0.36191322 -0.08029638 0.92874717 0.09647781
0.00000000 0.00000000 0.00000000 1.00000000
# frame 118
0.51017366 -0.84903749 0.13732507 0.03880330
0.76398490 0.52069882 0.38105095 -0.03049636
-0.39503154 -0.08948787 0.91429864 0.09928542
0.00000000 0.00000000 0.00000000 1.00000000
# frame 119
0.50182885 -0.85456852 0.13371780 0.04053640
0.76482366 0.51059917 0.39285272 -0.03113833
-0.40399576 -0.09487429 0.90982762 0.10072148
0.00000000 0.00000000 0.00000000 1.00000000
# frame 120
0.49072728 -0.86101356 0.13357537 0.04177821
0.76121256 0.49824412 0.41510027 -0.03085616
-0.42396010 -0.10202178 0.89991632 0.10236589
0.00000000 0.00000000 0.00000000 1.00000000
# frame 121
0.48708932 -0.86332756 0.13194515 0.04267846
0.75762832 0.49285096 0.42789866 -0.03002070
-0.43444600 -0.10845949 0.89414384 0.10308598
0.00000000 0.00000000 0.00000000 1.00000000
# frame 122
0.48408765 -0.86535358 0.12970093 0.04455242
0.75370715 0.48766596 0.44057626 -0.02985782
-0.44450497 -0.11552101 0.88829625 0.10469051
0.00000000 0.00000000 0.00000000 1.00000000
# frame 123
0.47805837 -0.86872891 0.12950006 0.04554084
0.75014827 0.48052342 0.45428495 -0.02848342
-0.45687829 -0.12003048 0.88139373 0.10530937
0.00000000 0.00000000 0.00000000 1.00000000
# frame 124
0.47258240 -0.87245779 0.12443186 0.04725557
0.73712809 0.46870476 0.48678334 -0.02709672
-0.48301973 -0.13832302 0.86461476 0.10698399
0.00000000 0.00000000 0.00000000 1.00000000
# frame 125
0.46951943 -0.87499591 0.11804096 0.04857076
0.73361636 0.46101033 0.49927599 -0.02653470
-0.49128254 -0.14782300 0.85836462 0.10776978
0.00000000 0.00000000 0.00000000 1.00000000
# frame 126
0.46793883 -0.87731192 0.10656945 0.05005362
0.73133096 0.45210497 0.51064285 -0.02502089
-0.49617364 -0.16101208 0.85316284 0.10859919
0.00000000 0.00000000 0.00000000 1.00000000
# frame 127
0.47190064 -0.87636954 0.09636500 0.05122998
0.72560252 0.44813571 0.52218328 -0.02305174
-0.50081012 -0.17649593 0.84737147 0.10856371
0.00000000 0.00000000 0.00000000 1.00000000
# frame 128
0.46997284 -0.88159861 0.04369696 0.05309901
0.71746245 0.41037305 0.56288683 -0.02347908
-0.51417231 -0.23319059 0.82537809 0.11328069
0.00000000 0.00000000 0.00000000 1.00000000
# frame 129
0.46544105 -0.88433885 0.03618592 0.05444842
0.72057334 0.40235543 0.56469830 -0.02440055
-0.51394425 -0.23675916 0.82450374 0.11439876
0.00000000 0.00000000 0.00000000 1.00000000
# frame 130
0.46048850 -0.88726472 0.02667688 0.05448078
0.72245441 0.39207530 0.56950557 -0.02484820
-0.51576154 -0.24297794 0.82155448 0.11543456
0.00000000 0.00000000 0.00000000 1.00000000
# frame 131
0.45975665 -0.88793286 0.01410866 0.05545291
0.72158839 0.38279239 0.57687102 -0.02529684
-0.51762342 -0.25503965 0.81671340 0.11679830
0.00000000 0.00000000 0.00000000 1.00000000
# frame 132
0.45538525 -0.89026898 0.00673938 0.05655591
0.72034663 0.37289489 0.58485052 -0.02603124
-0.52318735 -0.26147761 0.81111310 0.11846367
0.00000000 0.00000000 0.00000000 1.00000000
# frame 133
0.44967272 -0.89318592 -0.00365616 0.05828618
0.71914250 0.35961710 0.59456674 -0.02679870
-0.52974382 -0.26998974 0.80403795 0.12085122
0.00000000 0.00000000 0.00000000 1.00000000
# frame 134
0.44548284 -0.89514465 -0.01615861 0.06009169
0.71840714 0.34663980 0.60310201 -0.02675532
-0.53426232 -0.28028006 0.79750039 0.12448917
0.00000000 0.00000000 0.00000000 1.00000000
# frame 135
0.43860316 -0.89835255 -0.02428913 0.06142324
0.71744462 0.33374601 0.61146286 -0.02762476
-0.54120282 -0.28561565 0.79090025 0.12678657
0.00000000 0.00000000 0.00000000 1.00000000
# frame 136
0.43657333 -0.89917419 -0.02982455 0.06243594
0.71669984 0.32755609 0.61566902 -0.02760910
-0.54382448 -0.29015992 0.78744025 0.12856228
0.00000000 0.00000000 0.00000000 1.00000000
# frame 137
0.42828386 -0.90306157 -0.03244585 0.06429629
0.71492216 0.31665976 0.62338824 -0.02768336
-0.55268367 -0.29018338 0.78123900 0.13165904
0.00000000 0.00000000 0.00000000 1.00000000
# frame 138
0.41517271 -0.90937460 -0.02587395 0.06643264
0.70216548 0.30222897 0.64468697 -0.02891044
-0.57844210 -0.28582423 0.76400867 0.13572362
0.00000000 0.00000000 0.00000000 1.00000000
# frame 139
0.41120262 -0.91111709 -0.02789372 0.06771374
0.69977291 0.29591378 0.65019452 -0.03004315
-0.58414920 -0.28688096 0.75925558 0.13649221
0.00000000 0.00000000 0.00000000 1.00000000
# frame 140
0.40617280 -0.91334858 -0.02860116 0.06804513
0.70164462 0.29166901 0.65009539 -0.03056306
-0.58542163 -0.28411891 0.75931414 0.13643141
0.00000000 0.00000000 0.00000000 1.00000000
# frame 141
0.40650359 -0.91284420 -0.03834439 0.06910289
0.69777562 0.28309053 0.65800375 -0.03158130
-0.58979997 -0.29423667 0.75203775 0.13688345
0.00000000 0.00000000 0.00000000 1.00000000
# frame 142
0.40558735 -0.91294493 -0.04506062 0.06935564
0.69463312 0.27580693 0.66439097 -0.03227660
-0.59412434 -0.30076917 0.74602558 0.13701601
0.00000000 0.00000000 0.00000000 1.00000000
# frame 143
0.40797572 -0.91151165 -0.05198398 0.06958974
0.69353958 0.27237938 0.66694251 -0.03200290
-0.59376650 -0.30814930 0.74329358 0.13643330
0.00000000 0.00000000 0.00000000 1.00000000
# frame 144
0.40773091 -0.91164706 -0.05152813 0.07017595
0.69093409 0.27113991 0.67014419 -0.03221298
-0.59696365 -0.30884104 0.74044015 0.13644976
0.00000000 0.00000000 0.00000000 1.00000000
# frame 145
0.40615885 -0.91242423 -0.05016986 0.06988153
0.68993477 0.27019375 0.67155443 -0.03238159
-0.59918695 -0.30737170 0.73925478 0.13640841
0.00000000 0.00000000 0.00000000 1.00000000
# frame 146
0.40510081 -0.91291858 -0.04972930 0.06988877
0.68761783 0.26837499 0.67465294 -0.03263262
-0.60255710 -0.30749720 0.73645802 0.13636538
0.00000000 0.00000000 0.00000000 1.00000000
# frame 147
0.40138246 -0.91459112 -0.04914468 0.06979770
0.68682204 0.26505678 0.67677204 -0.03299997
-0.60594356 -0.30539808 0.73455048 0.13680950
0.00000000 0.00000000 0.00000000 1.00000000
# frame 148
0.40923837 -0.91018852 -0.06388119 0.07265512
0.66269050 0.24837257 0.70650716 -0.03110255
-0.62718837 -0.33146330 0.70481688 0.14063749
0.00000000 0.00000000 0.00000000 1.00000000
# frame 149
0.41299902 -0.90804626 -0.06988420 0.07380554
0.65760978 0.24424760 0.71266577 -0.03056702
-0.63006443 -0.34028680 0.69801411 0.14196918
0.00000000 0.00000000 0.00000000 1.00000000
# frame 150
0.41556357 -0.90616511 -0.07856021 0.07573188
0.64894704 0.23486521 0.72367539 -0.03069924
-0.63731834 -0.35171454 0.68565459 0.14423405
0.00000000 0.00000000 0.00000000 1.00000000
# frame 151
0.42462305 -0.90048417 -0.09393358 0.07734853
0.63887019 0.22450143 0.73582878 -0.03009980
-0.64151395 -0.37246122 0.67062098 0.14619165
0.00000000 0.00000000 0.00000000 1.00000000
# frame 152
0.42882731 -0.89799666 -0.09853497 0.07875424
0.63070906 0.21951445 0.74432486 -0.03062847
-0.64677138 -0.38133373 0.66050841 0.14809510
0.00000000 0.00000000 0.00000000 1.00000000
# frame 153
0.43366065 -0.89503163 -0.10419607 0.07983180
0.62518421 0.21558926 0.75011064 -0.03098959
-0.64890920 -0.39043520 0.65305222 0.14944299
0.00000000 0.00000000 0.00000000 1.00000000
# frame 154
0.43646347 -0.89265157 -0.11257360 0.08104126
0.61962708 0.20750507 0.75697023 -0.03137986
-0.65235107 -0.40014350 0.64367947 0.15111714
0.00000000 0.00000000 0.00000000 1.00000000
# frame 155
0.44130144 -0.88985544 -0.11580298 0.08258469
0.60738679 0.20120766 0.76850294 -0.03189322
-0.66055608 -0.40947865 0.62927967 0.15397184
0.00000000 0.00000000 0.00000000 1.00000000
# frame 156
0.44395325 -0.88802700 -0.11963926 0.08319112
0.60189318 0.19663005 0.77399045 -0.03230421
-0.66379975 -0.41562563 0.62179195 0.15511132
0.00000000 0.00000000 0.00000000 1.00000000
# frame 157
0.44496236 -0.88790625 -0.11675182 0.08336896
0.59869146 0.19797218 0.77612857 -0.03186582
-0.66601579 -0.41524632 0.61967206 0.15504422
0.00000000 0.00000000 0.00000000 1.00000000
# frame 158
0.45450946 -0.88158728 -0.12737748 0.08441241
0.58899450 0.19017512 0.78544185 -0.03093037
-0.66821151 -0.43201539 0.60568645 0.15454937
0.00000000 0.00000000 0.00000000 1.00000000
# frame 159
0.46761567 -0.87307805 -0.13809526 0.08427956
0.58939889 0.19154563 0.78480521 -0.02833568
-0.65874466 -0.44838041 0.60416097 0.15125427
0.00000000 0.00000000 0.00000000 1.00000000
# frame 160
0.46921224 -0.87154275 -0.14231340 0.08457622
0.58468873 0.18583144 0.78968713 -0.02953404
-0.66179979 -0.45373991 0.59677561 0.15282029
0.00000000 0.00000000 0.00000000 1.00000000
# frame 161
0.47140303 -0.87073620 -0.13999161 0.08445829
0.58641062 0.19091335 0.78719418 -0.02715340
-0.65871220 -0.45317828 0.60060609 0.15035125
0.00000000 0.00000000 0.00000000 1.00000000
# frame 162
0.47493567 -0.86893839 -0.13921992 0.08471313
0.58722335 0.19509738 0.78556079 -0.02597518
-0.65544248 -0.45484402 0.60291962 0.14959590
0.00000000 0.00000000 0.00000000 1.00000000
# frame 163
0.48051914 -0.86513950 -0.14364888 0.08487559
0.58431578 0.19369027 0.78807306 -0.02613609
-0.65396975 -0.46262049 0.59858654 0.15030714
0.00000000 0.00000000 0.00000000 1.00000000
# frame 164
0.49298159 -0.85430675 -0.16470919 0.08554837
0.58128771 0.18255394 0.79295565 -0.02671386
-0.64735905 -0.48665597 0.58659375 0.15120423
0.00000000 0.00000000 0.00000000 1.00000000
# frame 165
0.49580486 -0.84991304 -0.17839665 0.08708505
0.57617866 0.16823685 0.79982155 -0.02929569
-0.64976588 -0.49934375 0.57311440 0.15521652
0.00000000 0.00000000 0.00000000 1.00000000
# frame 166
0.50950673 -0.83775170 -0.19640517 0.08775665
0.57324088 0.16024535 0.80356476 -0.02730028
-0.64171473 -0.52200912 0.56187960 0.15407712
0.00000000 0.00000000 0.00000000 1.00000000
# frame 167
0.52273610 -0.82950494 -0.19664315 0.08952823
0.56839000 0.16721367 0.80558823 -0.02367886
-0.63535800 -0.53288005 0.55889093 0.15259918
0.00000000 0.00000000 0.00000000 1.00000000
# frame 168
0.54612343 -0.80989778 -0.21404388 0.09015105
0.56124023 0.16405458 0.81123085 -0.01806936
-0.62189919 -0.56316221 0.54414127 0.15022422
0.00000000 0.00000000 0.00000000 1.00000000
# frame 169
0.55539802 -0.80180128 -0.22056236 0.09027668
0.56034867 0.16486621 0.81168251 -0.01877245
-0.61444480 -0.57439868 0.54085465 0.15008594
0.00000000 0.00000000 0.00000000 1.00000000
# frame 170
0.56302697 -0.79445500 -0.22768812 0.09102278
0.55547300 0.15978775 0.81603776 -0.01853900
-0.61192351 -0.58592587 0.53126311 0.15069876
0.00000000 0.00000000 0.00000000 1.00000000
# frame 171
0.56595744 -0.79250280 -0.22722564 0.09126052
0.56068138 0.16792565 0.81082511 -0.01741386
-0.60442416 -0.58629369 0.53938034 0.14826226
0.00000000 0.00000000 0.00000000 1.00000000
# frame 172
0.57034462 -0.78964568 -0.22620061 0.09192143
0.55636575 0.16878465 0.81361470 -0.01759572
-0.60428815 -0.58989104 0.53559724 0.14881233
0.00000000 0.00000000 0.00000000 1.00000000
# frame 173
0.58101575 -0.77979839 -0.23309907 0.09327177
0.54932350 0.16439158 0.81927962 -0.01632363
-0.60055340 -0.60406116 0.52387568 0.14883892
0.00000000 0.00000000 0.00000000 1.00000000
# frame 174
0.58643725 -0.77513404 -0.23507140 0.09450676
0.54433336 0.16222444 0.82303367 -0.01644975
-0.59982709 -0.61061481 0.51706578 0.15039027
0.00000000 0.00000000 0.00000000 1.00000000
# frame 175
0.59400574 -0.76758530 -0.24076959 0.09484750
0.54429938 0.16309801 0.82288348 -0.01555178
-0.59236422 -0.61984825 0.51467735 0.14904602
0.00000000 0.00000000 0.00000000 1.00000000
# frame 176
0.60317323 -0.75422025 -0.25948771 0.09705596
0.53938971 0.14605004 0.82929375 -0.01785603
-0.58757195 -0.64017279 0.49491211 0.15334893
0.00000000 0.00000000 0.00000000 1.00000000
# frame 177
0.61881102 -0.73654096 -0.27309400 0.09930436
0.52767250 0.13220909 0.83909624 -0.02138598
-0.58192324 -0.66334619 0.47046485 0.15924507
0.00000000 0.00000000 0.00000000 1.00000000
# frame 178
0.64809527 -0.70243560 -0.29420528 0.10010520
0.51596760 0.12086337 0.84803861 -0.01958585
-0.56013387 -0.70141020 0.44076499 0.16108953
0.00000000 0.00000000 0.00000000 1.00000000
# frame 179
0.65993935 -0.68908749 -0.29939685 0.10093147
0.51052691 0.11892702 0.85159770 -0.01901601
-0.55121895 -0.71485298 0.43028233 0.16243247
0.00000000 0.00000000 0.00000000 1.00000000
# frame 180
0.66266849 -0.68293253 -0.30736564 0.10209205
0.51078435 0.11199885 0.85238231 -0.01897184
-0.54769501 -0.72184445 0.42304936 0.16399268
0.00000000 0.00000000 0.00000000 1.00000000
# frame 181
0.66969105 -0.67410623 -0.31160020 0.10235350
0.51137997 0.11433209 0.85171515 -0.01952356
-0.53852059 -0.72973212 0.42129160 0.16444303
0.00000000 0.00000000 0.00000000 1.00000000
# frame 182
0.67377787 -0.66864952 -0.31453330 0.10280300
0.51082916 0.11391800 0.85210108 -0.02192945
-0.53392598 -0.73479964 0.41832110 0.16683396
0.00000000 0.00000000 0.00000000 1.00000000
# frame 183
0.67277985 -0.66613150 -0.32192562 0.10465549
0.50454791 0.09485650 0.85815713 -0.02611525
-0.54110875 -0.73977772 0.39991280 0.17489468
0.00000000 0.00000000 0.00000000 1.00000000
# frame 184
0.68146783 -0.65481955 -0.32682252 0.10548884
0.50356643 0.09549829 0.85866229 -0.02542604
-0.53105787 -0.74972757 0.39482415 0.17453920
0.00000000 0.00000000 0.00000000 1.00000000
# frame 185
0.68766059 -0.64709217 -0.32923341 0.10611564
0.50727372 0.10380197 0.85551068 -0.02750540
-0.51941918 -0.75531244 0.39963338 0.17513093
0.00000000 0.00000000 0.00000000 1.00000000
# frame 186
0.69095503 -0.64200575 -0.33227964 0.10691810
0.50809759 0.10434197 0.85495590 -0.02792902
-0.51421589 -0.75956657 0.39829719 0.17549867
0.00000000 0.00000000 0.00000000 1.00000000
# frame 187
0.68860063 -0.64365551 -0.33397120 0.10727753
0.51157698 0.10479839 0.85282255 -0.02896477
-0.51392428 -0.75810612 0.40144357 0.17580905
0.00000000 0.00000000 0.00000000 1.00000000
# frame 188
0.71110782 -0.60048451 -0.36571031 0.11258325
0.52732291 0.11147343 0.84232074 -0.02834564
-0.46503357 -0.79182828 0.39591886 0.17251944
0.00000000 0.00000000 0.00000000 1.00000000
# frame 189
0.69885219 -0.60854384 -0.37587234 0.11491717
0.54092372 0.10583100 0.83438680 -0.03052936
-0.46798200 -0.78643130 0.40313602 0.17409707
0.00000000 0.00000000 0.00000000 1.00000000
# frame 190
0.69576918 -0.60624388 -0.38519296 0.11611300
0.54950747 0.10392765 0.82899975 -0.03085620
-0.46254382 -0.78845888 0.40544520 0.17471691
0.00000000 0.00000000 0.00000000 1.00000000
# frame 191
0.69052388 -0.60566442 -0.39540787 0.11673175
0.56083200 0.10310394 0.82148466 -0.03208442
-0.45677592 -0.78901216 0.41087172 0.17401471
0.00000000 0.00000000 0.00000000 1.00000000
# frame 192
0.67781402 -0.59275985 -0.43497575 0.11801814
0.58416334 0.07493773 0.80816925 -0.03271741
-0.44645419 -0.80188534 0.39706242 0.17345616
0.00000000 0.00000000 0.00000000 1.00000000
# frame 193
0.66622102 -0.59025529 -0.45579407 0.11908514
0.59896531 0.05939852 0.79856895 -0.03310948
-0.44428606 -0.80502826 0.39311499 0.17268861
0.00000000 0.00000000 0.00000000 1.00000000
# frame 194
0.65588483 -0.56712535 -0.49818061 0.12010591
0.61642801 0.02147438 0.78711839 -0.03394684
-0.43569667 -0.82335150 0.36367667 0.17391397
0.00000000 0.00000000 0.00000000 1.00000000
# frame 195
0.65460381 -0.54672942 -0.52209270 0.12050322
0.62696964 0.00676573 0.77901431 -0.03504168
-0.42237770 -0.83728201 0.34721162 0.17430809
0.00000000 0.00000000 0.00000000 1.00000000
# frame 196
0.65839037 -0.52098524 -0.54322786 0.12305554
0.63508628 -0.00282940 0.77243602 -0.03520203
-0.40396478 -0.85356100 0.32900773 0.17717895
0.00000000 0.00000000 0.00000000 1.00000000
# frame 197
0.65581053 -0.51629497 -0.55077405 0.12360223
0.63810052 -0.01076072 0.76987787 -0.03425965
-0.40341080 -0.85634322 0.32239110 0.17780969
0.00000000 0.00000000 0.00000000 1.00000000
# frame 198
0.64246305 -0.49620179 -0.58397347 0.12843100
0.65108509 -0.04844174 0.75745733 -0.03185183
-0.40414037 -0.86685477 0.29194756 0.18312942
0.00000000 0.00000000 0.00000000 1.00000000
# frame 199
0.63798922 -0.49144966 -0.59282964 0.13023299
0.65283675 -0.06308821 0.75486692 -0.03050680
-0.40837965 -0.86861793 0.28058680 0.18444404
0.00000000 0.00000000 0.00000000 1.00000000
# frame 200
0.62432902 -0.49189281 -0.60683996 0.13626295
0.65864957 -0.08619155 0.74749700 -0.02836469
-0.41999287 -0.86637895 0.27017310 0.18901762
0.00000000 0.00000000 0.00000000 1.00000000
# frame 201
0.62029071 -0.49533837 -0.60817705 0.13809515
0.65974810 -0.08987949 0.74609257 -0.02690749
-0.42423092 -0.86403795 0.27104713 0.19081952
0.00000000 0.00000000 0.00000000 1.00000000
# frame 202
0.61688126 -0.49167854 -0.61458093 0.13887825
0.66303936 -0.09608627 0.74239224 -0.02611159
-0.42407113 -0.86545921 0.26672840 0.19147379
0.00000000 0.00000000 0.00000000 1.00000000
# frame 203
0.61016392 -0.48563370 -0.62598714 0.14115871
0.66888489 -0.10769239 0.73552386 -0.02627816
-0.42460923 -0.86750346 0.25912304 0.19355437
0.00000000 0.00000000 0.00000000 1.00000000
# frame 204
0.59623694 -0.49392574 -0.63288140 0.14535292
0.67693776 -0.11447552 0.72708364 -0.02499442
-0.43157475 -0.86193545 0.26610245 0.19725829
0.00000000 0.00000000 0.00000000 1.00000000
# frame 205
0.59073013 -0.49294857 -0.63877979 0.14623479
0.68027064 -0.12145596 0.72282799 -0.02354138
-0.43390064 -0.86153941 0.26359075 0.19758408
0.00000000 0.00000000 0.00000000 1.00000000
# frame 206
0.58815006 -0.48555797 -0.64677118 0.14751648
0.68268198 -0.13070405 0.71893099 -0.02396428
-0.43361828 -0.86437834 0.25460808 0.19978111
0.00000000 0.00000000 0.00000000 1.00000000
# frame 207
0.58555193 -0.48167071 -0.65201400 0.14814073
0.68712494 -0.13183712 0.71447763 -0.02352140
-0.43010260 -0.86637884 0.25377048 0.20088145
0.00000000 0.00000000 0.00000000 1.00000000
# frame 208
0.54060085 -0.47314927 -0.69561519 0.15550942
0.71426379 -0.17873703 0.67666854 -0.01606308
-0.44449742 -0.86266033 0.24132800 0.20341371
0.00000000 0.00000000 0.00000000 1.00000000
# frame 209
0.53172434 -0.46816281 -0.70575691 0.15830451
0.71936967 -0.19012726 0.66810097 -0.01508950
-0.44696365 -0.86294566 0.23568683 0.20515664
0.00000000 0.00000000 0.00000000 1.00000000
# frame 210
0.51782946 -0.47679759 -0.71029339 0.16131817
0.72427699 -0.19751937 0.66061255 -0.01292352
-0.45527518 -0.85653380 0.24305218 0.20627510
0.00000000 0.00000000 0.00000000 1.00000000
# frame 211
0.44073430 -0.51752359 -0.73343208 0.16947787
0.74519797 -0.24456763 0.62037622 -0.00292448
-0.50043307 -0.81997318 0.27786819 0.20488427
0.00000000 0.00000000 0.00000000 1.00000000
# frame 212
0.41074608 -0.52797805 -0.74332149 0.17320784
0.75164499 -0.26536270 0.60383147 0.00212441
-0.51605956 -0.80673528 0.28785537 0.20444260
0.00000000 0.00000000 0.00000000 1.00000000
# frame 213
0.39578948 -0.53340770 -0.74754727 0.17636784
0.75500513 -0.27440759 0.59553987 0.00520603
-0.52279819 -0.80011043 0.29411791 0.20483430
0.00000000 0.00000000 0.00000000 1.00000000
# frame 214
0.38964333 -0.52972399 -0.75337280 0.17776449
0.75726090 -0.28128489 0.58943595 0.00810766
-0.52415074 -0.80016955 0.29153848 0.20641471
0.00000000 0.00000000 0.00000000 1.00000000
# frame 215
0.36894109 -0.53244406 -0.76183056 0.18085766
0.76169911 -0.29650659 0.57610615 0.01149388
-0.53263208 -0.79283489 0.29616870 0.20648719
0.00000000 0.00000000 0.00000000 1.00000000
# frame 216
0.28360646 -0.55665245 -0.78083636 0.18846955
0.77142537 -0.35124908 0.53059117 0.02147286
-0.56962293 -0.75283606 0.32979931 0.20398302
0.00000000 0.00000000 0.00000000 1.00000000
# frame 217
0.16153202 -0.57581899 -0.80146110 0.19605855
0.77051444 -0.43384563 0.46699622 0.03553134
-0.61661568 -0.69297220 0.37359689 0.19595433
0.00000000 0.00000000 0.00000000 1.00000000
# frame 218
0.17661232 -0.56348850 -0.80702466 0.20083709
0.77958052 -0.42046058 0.46418436 0.03896634
-0.60088460 -0.71112137 0.36502614 0.19926012
0.00000000 0.00000000 0.00000000 1.00000000
# frame 219
0.13900206 -0.56679806 -0.81204580 0.20468388
0.77716359 -0.44578066 0.44418055 0.04392082
-0.61375499 -0.69283444 0.37853038 0.19763180
0.00000000 0.00000000 0.00000000 1.00000000
# frame 220
0.13213753 -0.56561664 -0.81401320 0.20333337
0.77808594 -0.44958395 0.43869868 0.04516909
-0.61410254 -0.69134079 0.38069144 0.19680676
0.00000000 0.00000000 0.00000000 1.00000000
# frame 221
0.17120707 -0.55514602 -0.81394167 0.20084608
0.78361604 -0.42402684 0.45403429 0.04070269
-0.59718844 -0.71555163 0.36242493 0.19865462
0.00000000 0.00000000 0.00000000 1.00000000
# frame 222
0.26834431 -0.50546227 -0.82006050 0.20065935
0.79051154 -0.37095630 0.48732220 0.03089121
-0.55052960 -0.77903743 0.30002974 0.20636763
0.00000000 0.00000000 0.00000000 1.00000000
# frame 223
0.23793015 -0.49680058 -0.83461274 0.19512773
0.79181663 -0.39843670 0.46289808 0.03431847
-0.56250837 -0.77099766 0.29857485 0.20188818
0.00000000 0.00000000 0.00000000 1.00000000
# frame 224
0.26375516 -0.46869679 -0.84306378 0.19510361
0.79452705 -0.39003092 0.46540589 0.03119391
-0.54695519 -0.79259018 0.26951961 0.20360945
0.00000000 0.00000000 0.00000000 1.00000000
# frame 225
0.26962187 -0.46014255 -0.84591541 0.19655940
0.79482402 -0.38959735 0.46526195 0.03074822
-0.54365322 -0.79779868 0.26068839 0.20396942
0.00000000 0.00000000 0.00000000 1.00000000
# frame 226
0.25236483 -0.46372881 -0.84927474 0.19737458
0.79391033 -0.40253600 0.45570952 0.03413236
-0.55318929 -0.78925304 0.26657316 0.20319117
0.00000000 0.00000000 0.00000000 1.00000000
# frame 227
0.25918986 -0.46809075 -0.84481457 0.19515904
0.79071995 -0.39943546 0.46391084 0.03755384
-0.55460127 -0.78825273 0.26659908 0.20352406
0.00000000 0.00000000 0.00000000 1.00000000
# frame 228
0.28906222 -0.43399918 -0.85328058 0.19037048
0.78847094 -0.39756196 0.46931659 0.03811964
-0.54291491 -0.80844864 0.22727560 0.20841822
0.00000000 0.00000000 0.00000000 1.00000000
# frame 229
-0.89369147 0.42346685 -0.14829495 -30.12093000
0.35944942 0.47790947 -0.80149776 9.16065610
-0.26853617 -0.76959624 -0.57931853 -12.66861810
0.00000000 0.00000000 0.00000000 1.00000000
# frame 230
-0.89024162 0.43606823 -0.13158400 -30.12442083
0.35334979 0.47887372 -0.80363169 9.16056323
-0.28742613 -0.76192156 -0.58039793 -12.66811639
0.00000000 0.00000000 0.00000000 1.00000000
# frame 231
-0.88485410 0.45224263 -0.11184733 -30.12820737
0.34518400 0.47522365 -0.80932718 9.16129811
-0.31285975 -0.75474439 -0.57661051 -12.67046124
0.00000000 0.00000000 0.00000000 1.00000000
# frame 232
-0.82471437 0.56554064 0.00316189 -30.14373003
0.29713863 0.43805360 -0.84842069 9.16633024
-0.48120146 -0.69876522 -0.52931307 -12.67732868
0.00000000 0.00000000 0.00000000 1.00000000
# frame 233
-0.86554468 0.39551934 0.30724072 -30.14217089
0.36505866 0.91822190 -0.15362526 8.93895442
-0.34287692 -0.02080864 -0.93914984 -12.77092288
0.00000000 0.00000000 0.00000000 1.00000000
# frame 234
-0.86999625 0.38838534 0.30374882 -30.14572795
0.35672656 0.92109047 -0.15600806 8.93809674
-0.34037139 -0.02737115 -0.93989262 -12.76568772
0.00000000 0.00000000 0.00000000 1.00000000
# frame 235
-0.87046792 0.38172953 0.31075418 -30.14486605
0.35215142 0.92405786 -0.14868236 8.93506007
-0.34391129 -0.01999070 -0.93878933 -12.76742182
0.00000000 0.00000000 0.00000000 1.00000000
# frame 236
-0.49703798 0.82493347 -0.26914312 -29.86530921
0.73497417 0.23535322 -0.63594168 8.95671208
-0.46126588 -0.51390041 -0.72328428 -12.81756568
0.00000000 0.00000000 0.00000000 1.00000000
# frame 237
-0.51120436 0.81348382 -0.27733406 -29.86509939
0.73525511 0.24683943 -0.63124498 8.96503301
-0.44505059 -0.52660647 -0.72430352 -12.80385352
0.00000000 0.00000000 0.00000000 1.00000000
# frame 238
-0.52529831 0.81253289 -0.25268952 -29.86696249
0.71897405 0.26498978 -0.64253928 8.95468710
-0.45512416 -0.51920201 -0.72338875 -12.78497310
0.00000000 0.00000000 0.00000000 1.00000000
# frame 239
-0.54751746 0.80874337 -0.21484595 -29.87389136
0.72573608 0.33111954 -0.60304809 8.93386420
-0.41657145 -0.48610082 -0.76822797 -12.77003884
0.00000000 0.00000000 0.00000000 1.00000000
# frame 240
-0.58641724 0.78138880 -0.21341594 -29.87035828
0.75005822 0.42435277 -0.50728434 8.89953340
-0.30582266 -0.45755466 -0.83493487 -12.73693073
0.00000000 0.00000000 0.00000000 1.00000000
# frame 241
-0.58224308 0.78090985 -0.22621407 -29.86744963
0.74670603 0.40357853 -0.52872912 8.90496902
-0.32159463 -0.47676428 -0.81809089 -12.73727293
0.00000000 0.00000000 0.00000000 1.00000000
# frame 242
-0.61166525 0.76443240 -0.20373693 -29.87019120
0.74743264 0.47400510 -0.46547140 8.87929506
-0.25924907 -0.43699231 -0.86129417 -12.72185676
0.00000000 0.00000000 0.00000000 1.00000000
# frame 243
-0.72441276 0.42543182 0.54243332 -29.73049985
-0.10725631 -0.84683216 0.52093317 8.10558613
0.68097154 0.31919125 0.65908627 -12.52430052
0.00000000 0.00000000 0.00000000 1.00000000
# frame 244
-0.73998066 0.41223995 0.53149491 -29.72390001
-0.10416816 -0.85087847 0.51493187 8.11163284
0.66451306 0.32567478 0.67257589 -12.54714089
0.00000000 0.00000000 0.00000000 1.00000000
# frame 245
-0.74966643 0.39224659 0.53305052 -29.72267705
-0.09096618 -0.85886242 0.50406398 8.11578115
0.65553443 0.32939028 0.67954150 -12.55118368
0.00000000 0.00000000 0.00000000 1.00000000
# frame 246
-0.74916248 0.38998772 0.53541121 -29.72333156
-0.08173574 -0.85655638 0.50953943 8.11491709
0.65732401 0.33796559 0.67357583 -12.55089820
0.00000000 0.00000000 0.00000000 1.00000000
# frame 247
-0.89832372 0.22276743 -0.37866763 -29.80344818
0.43353153 0.30986296 -0.84618873 7.69948235
-0.07116822 -0.92431576 -0.37493395 -12.07521146
0.00000000 0.00000000 0.00000000 1.00000000
# frame 248
-0.88132713 0.17648895 -0.43830826 -29.76418772
0.46771958 0.45756322 -0.75622371 7.66524875
0.06708861 -0.87148583 -0.48581022 -12.03365589
0.00000000 0.00000000 0.00000000 1.00000000
# frame 249
-0.87759101 0.16594684 -0.44977291 -29.75260205
0.47210966 0.46225342 -0.75062257 7.66182514
0.08334563 -0.87108175 -0.48401455 -12.02912823
0.00000000 0.00000000 0.00000000 1.00000000
# frame 250
-0.89113052 0.16201902 -0.42383515 -29.76299406
0.45129054 0.41353770 -0.79077394 7.67472357
0.04715139 -0.89595558 -0.44163372 -12.04080162
0.00000000 0.00000000 0.00000000 1.00000000
# frame 251
-0.89624557 0.16349052 -0.41232842 -29.76493763
0.44156604 0.41686706 -0.79450695 7.67424129
0.04199178 -0.89414356 -0.44580712 -12.03969866
0.00000000 0.00000000 0.00000000 1.00000000
# frame 252
-0.90361917 0.15642519 -0.39875249 -29.76758004
0.42656103 0.41330629 -0.80450208 7.67669231
0.03896252 -0.89705578 -0.44019638 -12.04080096
0.00000000 0.00000000 0.00000000 1.00000000
# frame 253
-0.90405991 0.14799369 -0.40096577 -29.76743733
0.42538665 0.40264228 -0.81050934 7.67875437
0.04149550 -0.90331448 -0.42696729 -12.04262990
0.00000000 0.00000000 0.00000000 1.00000000
# frame 254
-0.91039324 0.15926519 -0.38186221 -29.77148531
0.41306301 0.40280069 -0.81678061 7.67834151
0.02372964 -0.90132469 -0.43249358 -12.04242855
0.00000000 0.00000000 0.00000000 1.00000000
# frame 255
-0.91592930 0.14700561 -0.37344728 -29.77299340
0.40103098 0.37172278 -0.83725523 7.68504442
0.01573765 -0.91663053 -0.39942559 -12.04867195
0.00000000 0.00000000 0.00000000 1.00000000
# frame 256
-0.92179588 0.15219452 -0.35655180 -29.77796699
0.38757957 0.38225863 -0.83884469 7.68374199
0.00862744 -0.91143577 -0.41135192 -12.04754215
0.00000000 0.00000000 0.00000000 1.00000000
# frame 257
-0.91742187 0.14201129 -0.37171212 -29.77123515
0.39638695 0.40797123 -0.82245782 7.67853268
0.03484955 -0.90188263 -0.43057315 -12.04125086
0.00000000 0.00000000 0.00000000 1.00000000
# frame 258
-0.91598085 0.12352575 -0.38173350 -29.77462643
0.39866800 0.38739162 -0.83125902 7.68418248
0.04519847 -0.91360228 -0.40408907 -12.04827387
0.00000000 0.00000000 0.00000000 1.00000000
# frame 259
-0.93023827 0.13541919 -0.34105483 -29.79037399
0.36657293 0.30047109 -0.88053473 7.69976356
-0.01676418 -0.94412857 -0.32915072 -12.07087170
0.00000000 0.00000000 0.00000000 1.00000000
# frame 260
-0.93852705 0.15151508 -0.31017762 -29.80370666
0.34048219 0.25816233 -0.90411508 7.70673352
-0.05691089 -0.95414642 -0.29388052 -12.08343475
0.00000000 0.00000000 0.00000000 1.00000000
# frame 261
-0.93748938 0.13114417 -0.32235830 -29.79362511
0.34798889 0.34215118 -0.87283234 7.69127368
-0.00417160 -0.93044816 -0.36639981 -12.06312097
0.00000000 0.00000000 0.00000000 1.00000000
# frame 262
-0.93709831 0.11726074 -0.32878059 -29.79123512
0.34906313 0.31829633 -0.88138662 7.69523040
0.00129761 -0.94071109 -0.33920636 -12.06846345
0.00000000 0.00000000 0.00000000 1.00000000
# frame 263
-0.94148476 0.11793894 -0.31574808 -29.79637478
0.33644387 0.27242517 -0.90143777 7.70218451
-0.02029689 -0.95492143 -0.29616397 -12.07973418
0.00000000 0.00000000 0.00000000 1.00000000
# frame 264
-0.94038887 0.11185356 -0.32118149 -29.79403061
0.33970944 0.26361202 -0.90283232 7.70262846
-0.01631771 -0.95812185 -0.28589552 -12.08160334
0.00000000 0.00000000 0.00000000 1.00000000
# frame 265
-0.93869134 0.10759866 -0.32753794 -29.79115563
0.34457713 0.26197905 -0.90146191 7.70200137
-0.01118802 -0.95905657 -0.28299350 -12.08156721
0.00000000 0.00000000 0.00000000 1.00000000
# frame 266
-0.94812820 0.10585732 -0.29974513 -29.80063729
0.31586850 0.20759958 -0.92581289 7.70942305
-0.03577711 -0.97246935 -0.23026800 -12.09526346
0.00000000 0.00000000 0.00000000 1.00000000
# frame 267
-0.95450310 0.11184772 -0.27643069 -29.80795783
0.29304071 0.18010803 -0.93898256 7.71220119
-0.05523567 -0.97726720 -0.20468960 -12.10271600
0.00000000 0.00000000 0.00000000 1.00000000
# frame 268
-0.96048528 0.11294026 -0.25438657 -29.81850897
0.26891356 0.14082118 -0.95281420 7.71429560
-0.07178807 -0.98357201 -0.16562784 -12.11604767
0.00000000 0.00000000 0.00000000 1.00000000
# frame 269
-0.95968242 0.10786826 -0.25956520 -29.81859878
0.27164105 0.11853213 -0.95507134 7.71609155
-0.07225506 -0.98707374 -0.14305465 -12.12191450
0.00000000 0.00000000 0.00000000 1.00000000
# frame 270
-0.95569993 0.10296155 -0.27574729 -29.81582475
0.28774061 0.12950141 -0.94891239 7.71375209
-0.06199183 -0.98621920 -0.15339070 -12.11987535
0.00000000 0.00000000 0.00000000 1.00000000
# frame 271
-0.95798865 0.11245560 -0.26383990 -29.81998659
0.27631143 0.11530460 -0.95412622 7.71440686
-0.07687488 -0.98694407 -0.14153327 -12.12438460
0.00000000 0.00000000 0.00000000 1.00000000
# frame 272
-0.95846655 0.11877298 -0.25929685 -29.82336607
0.27138974 0.10028443 -0.95723071 7.71542627
-0.08768971 -0.98784412 -0.12835304 -12.12914574
0.00000000 0.00000000 0.00000000 1.00000000
# frame 273
-0.95876363 0.11760929 -0.25872833 -29.82301286
0.26996978 0.09238272 -0.95842671 7.71543353
-0.08881786 -0.98875350 -0.12032415 -12.13053123
0.00000000 0.00000000 0.00000000 1.00000000
# frame 274
-0.96310211 0.12471755 -0.23849498 -29.82903651
0.24887989 0.07543287 -0.96559240 7.71669039
-0.10243596 -0.98932068 -0.10368924 -12.13532185
0.00000000 0.00000000 0.00000000 1.00000000
# frame 275
-0.95927591 0.12403852 -0.25377979 -29.82736405
0.26253330 0.05995835 -0.96305829 7.71837015
-0.10424011 -0.99046426 -0.09008085 -12.13937189
0.00000000 0.00000000 0.00000000 1.00000000
# frame 276
-0.96947047 0.13796126 -0.20271579 -29.76479438
0.06560570 -0.65063401 -0.75655223 7.59214242
-0.23626869 -0.74675436 0.62171941 -12.32180406
0.00000000 0.00000000 0.00000000 1.00000000
# frame 277
-0.97188370 0.13212710 -0.19489613 -29.76725277
0.05938945 -0.66340365 -0.74590112 7.58948181
-0.22784856 -0.73650392 0.63690424 -12.32551494
0.00000000 0.00000000 0.00000000 1.00000000
# frame 278
-0.97221450 0.12750111 -0.19632227 -29.76781033
0.06235448 -0.66730630 -0.74216859 7.58601121
-0.22563441 -0.73378864 0.64081459 -12.32584730
0.00000000 0.00000000 0.00000000 1.00000000
# frame 279
-0.97529473 0.12686730 -0.18084492 -29.77035053
0.05314017 -0.65986899 -0.74949920 7.58657523
-0.21442090 -0.74059274 0.63682499 -12.32327110
0.00000000 0.00000000 0.00000000 1.00000000
# frame 280
-0.97299930 0.09452916 -0.21056260 -29.75751994
0.10467433 -0.63234908 -0.76757926 7.59505055
-0.20570769 -0.76889458 0.60538043 -12.31299903
0.00000000 0.00000000 0.00000000 1.00000000
# frame 281
-0.97517902 0.09042932 -0.20210990 -29.75846922
0.09834735 -0.64091338 -0.76128696 7.59452563
-0.19837760 -0.76226805 0.61611180 -12.31532859
0.00000000 0.00000000 0.00000000 1.00000000
# frame 282
-0.97318960 0.08286837 -0.21455732 -29.75494767
0.11395310 -0.63658878 -0.76273811 7.59678003
-0.19979164 -0.76673826 0.61007847 -12.31413076
0.00000000 0.00000000 0.00000000 1.00000000
# frame 283
-0.97513882 0.08146440 -0.20607723 -29.75759368
0.10711323 -0.64082738 -0.76017565 7.59564428
-0.19398719 -0.76335039 0.61616974 -12.31517265
0.00000000 0.00000000 0.00000000 1.00000000
# frame 284
-0.97321221 0.07651293 -0.21680353 -29.75532660
0.11826771 -0.64205335 -0.75748284 7.59508044
-0.19715666 -0.76283240 0.61580515 -12.31554548
0.00000000 0.00000000 0.00000000 1.00000000
# frame 285
-0.97455025 0.07816015 -0.21010189 -29.75603674
0.11377696 -0.63509168 -0.76401136 7.59562939
-0.19314921 -0.76847222 0.61003593 -12.31314148
0.00000000 0.00000000 0.00000000 1.00000000
# frame 286
-0.97124948 0.07060027 -0.22735445 -29.75253951
0.13201321 -0.63500628 -0.76114357 7.59574708
-0.19810845 -0.76927409 0.60742936 -12.31349055
0.00000000 0.00000000 0.00000000 1.00000000
# frame 287
-0.97907731 0.08521454 -0.18478663 -29.76527167
0.08285387 -0.66246918 -0.74449299 7.59030733
-0.18585707 -0.74422649 0.64154820 -12.32223796
0.00000000 0.00000000 0.00000000 1.00000000
# frame 288
-0.97908375 0.09134660 -0.18179882 -29.77054913
0.07353462 -0.67426852 -0.73481605 7.58565328
-0.18970417 -0.73281496 0.65344821 -12.32598046
0.00000000 0.00000000 0.00000000 1.00000000
# frame 289
-0.75054173 0.66081477 -0.00330981 -29.53683973
-0.64998166 -0.73731562 0.18409107 7.22063001
0.11920973 0.14031934 0.98290362 -12.27723638
0.00000000 0.00000000 0.00000000 1.00000000
# frame 290
-0.75060141 0.66072390 -0.00643832 -29.53612149
-0.65221372 -0.73930158 0.16748266 7.22412499
0.10589993 0.12991188 0.98585400 -12.27747865
0.00000000 0.00000000 0.00000000 1.00000000
# frame 291
-0.36419594 -0.54440118 0.75563792 -29.52891700
0.79766929 -0.60113109 -0.04863249 7.52705226
0.48071304 0.58503741 0.65318160 -12.07293018
0.00000000 0.00000000 0.00000000 1.00000000
# frame 292
-0.36973034 -0.54860725 0.74988637 -29.52771105
0.79918674 -0.59943333 -0.04449993 7.52611062
0.47391987 0.58284626 0.66006833 -12.07453314
0.00000000 0.00000000 0.00000000 1.00000000
# frame 293
-0.79643079 -0.55961517 -0.22919174 -16.30348127
0.28132481 -0.00737464 -0.95958427 3.36311542
0.53530771 -0.82871978 0.16330702 -16.09582335
0.00000000 0.00000000 0.00000000 1.00000000
# frame 294
-0.65764732 0.51886355 -0.54615074 -16.49012794
0.61340150 -0.05202779 -0.78805565 3.41493126
-0.43730836 -0.85327237 -0.28405574 -16.17313166
0.00000000 0.00000000 0.00000000 1.00000000
# frame 295
-0.65593235 0.51670734 -0.55024201 -16.48958253
0.62448526 -0.03799121 -0.78011206 3.41308626
-0.42399399 -0.85531877 -0.29775645 -16.16986126
0.00000000 0.00000000 0.00000000 1.00000000
# frame 296
-0.53275007 0.10816027 -0.83933230 -16.48792523
0.74962055 -0.39996550 -0.52734868 3.41908334
-0.39274214 -0.91012579 0.13200248 -16.44103781
0.00000000 0.00000000 0.00000000 1.00000000
# frame 297
-0.73423992 -0.45694543 -0.50208825 -16.58610824
0.62693690 -0.17263450 -0.75970221 3.43224247
0.26046470 -0.87258135 0.41323109 -16.40751814
0.00000000 0.00000000 0.00000000 1.00000000
# frame 298
-0.59463473 -0.23167152 -0.76989470 -16.57801499
0.75167237 0.17961284 -0.63460844 3.31882277
0.28530367 -0.95606879 0.06733705 -16.32146618
0.00000000 0.00000000 0.00000000 1.00000000
# frame 299
-0.57608238 -0.22500586 -0.78581261 -16.57388735
0.76233276 0.19896885 -0.61584101 3.31315127
0.29492007 -0.95382585 0.05690689 -16.31905941
0.00000000 0.00000000 0.00000000 1.00000000
# frame 300
-0.58622041 -0.22260615 -0.77896864 -16.57775975
0.75789124 0.18905879 -0.62438581 3.31425703
0.28626299 -0.95640121 0.05788113 -16.32038683
0.00000000 0.00000000 0.00000000 1.00000000
# frame 301
-0.60658104 -0.22778556 -0.76169100 -16.58491725
0.74857966 0.15901699 -0.64369410 3.32048231
0.26774603 -0.96063903 0.07405894 -16.32558476
0.00000000 0.00000000 0.00000000 1.00000000
# frame 302
-0.60456515 -0.23508346 -0.76107604 -16.58665725
0.75024693 0.15297995 -0.64321589 3.31983268
0.26763879 -0.95986088 0.08388430 -16.32839330
0.00000000 0.00000000 0.00000000 1.00000000
# frame 303
-0.71508739 0.08636405 -0.69367952 -16.46020768
0.52408073 -0.59044925 -0.61376630 3.29896120
-0.46258990 -0.80244061 0.37696108 -16.13331576
0.00000000 0.00000000 0.00000000 1.00000000
# frame 304
-0.35568155 0.57124580 -0.73970864 -16.49051769
-0.35634163 -0.81456725 -0.45771261 3.55133433
-0.86400884 0.10078905 0.49328520 -15.92892013
0.00000000 0.00000000 0.00000000 1.00000000
# frame 305
0.17681959 0.73164464 -0.65835474 -16.17286788
0.45991440 0.52995776 0.71247703 3.66058262
0.87018020 -0.42876672 -0.24278699 -16.08240999
0.00000000 0.00000000 0.00000000 1.00000000
# frame 306
-0.96011988 0.22403199 -0.16727071 -16.19775285
0.14878923 0.91593963 0.37271486 3.33593764
0.23670992 0.33296286 -0.91274539 -16.34543932
0.00000000 0.00000000 0.00000000 1.00000000
# frame 307
-0.58085301 -0.75607440 -0.30159788 -16.41914253
-0.60512506 0.15324938 0.78124151 3.81628023
-0.54445701 0.63629092 -0.54653493 -15.74563889
0.00000000 0.00000000 0.00000000 1.00000000
# frame 308
-0.46287245 -0.44717616 0.76536435 -16.60477822
0.51296794 0.56903671 0.64269831 4.03917151
-0.72291977 0.69009471 -0.03400438 -15.80953221
0.00000000 0.00000000 0.00000000 1.00000000
# frame 309
-0.45514176 -0.46796714 0.75753068 -16.60340896
0.49270885 0.57627830 0.65202861 4.03555558
-0.74167646 0.67000752 -0.03171677 -15.81072975
0.00000000 0.00000000 0.00000000 1.00000000
